944420515654182653
100
289440428940275368
421039605734423149
18107634885828554
236141878401761076
503145614021250604
507497682547261833
904350814289912709
813715738026031210
439474988679084137
697472082123197990
413407453096636641
6943013613869982
276349254115082050
556318936716304480
143136700901524928
127595805226904951
123184750053880434
432595504996678790
275645081280618249
940614719871557800
851791918866131951
904781376538089236
828547850953078661
849689788831995540
881496190888259422
432301610851682919
693243985914905573
715107619791873717
377664410296616173
876241461363046492
84991907573437602
889048395834171914
474317488658410983
43367286017529353
777569820957756216
359687987965676566
387707703295516002
383605214262306347
894499775962813652
744971113683020680
278903280389694865
755072995166130645
489348193442643425
368464677052301086
338318070575926547
234879592958156779
338644829279007767
282483568631086479
206369625467630881
510898702639521001
207205033050842350
252359966261282909
380626616870670147
618488748165979699
892027654182041826
332323005812224126
522069867853985574
736127745090378458
168154928348546694
711714829515464644
522530479003023801
624256680673876278
222628473922533684
239954029373889567
138214982040589920
681659753567117182
443679770072877370
702350663123331526
89925046494961059
606857113943859847
519637003540840421
195340393726583454
742096314616432992
215518318249637047
230713517465733783
232421024452454806
409900184927283
429689310674760654
895041730426317731
701192204623755665
556756527342763118
258140301473877329
54884428063061773
661339452605987347
82626710129450047
438815914963879290
26874794290522370
824838779970642396
482979125507065455
503039520319032442
814979529365378191
830176486676012151
622343319388879175
869691716232369271
466957182917305329
73847657307216389
100249230321516005
217588732081971606
635752595780443926
417017769607032871
