100
1708 4018 802 4055
609 2930 182 4735
1796 1396 1768 4567
1054 2448 4132 4256
599 2820 3713 4041
1345 1740 1692 4313
76 2026 4083 4991
1000 696 2809 4417
239 4841 14 4975
546 2504 1585 4365
1985 4043 268 4605
1824 687 3774 4191
753 885 2823 4615
134 4603 3164 4725
1500 3185 4020 4616
1720 306 1455 4225
589 3261 2704 4207
1041 2295 1650 4741
971 2315 1296 4445
2152 4887 196 4984
195 3231 1319 4665
2326 1124 4424 4853
158 637 2754 4965
767 2413 2292 4497
1154 2339 2751 4195
3 3191 2829 4171
1939 2989 2911 4457
791 818 3947 4043
2030 4410 2530 4519
2084 4426 3216 4949
2424 3119 3632 4975
956 1927 1507 4035
58 3605 1830 4455
777 41 561 4711
1482 3013 1364 4824
1630 806 211 4809
1563 3519 1643 4091
584 3916 36 4123
419 4219 282 4993
286 1606 878 4314
1816 3432 2331 4089
750 62 825 4259
1366 2063 3911 4323
2113 3631 3373 4273
1146 1775 3416 4041
2132 2758 4340 4727
1531 2081 4399 4463
1063 2509 2641 4429
622 3640 2490 4443
1958 301 953 4843
1063 901 1571 4765
663 2143 1910 4251
1214 896 4212 4583
2069 1178 4190 4683
173 2076 4497 4693
1547 2391 2286 4333
1588 1089 1342 4077
1816 735 3787 4071
216 4773 3318 4775
1142 2068 282 4553
1160 3731 1473 4129
1255 230 1823 4121
1454 2259 3904 4936
1625 3625 3697 4115
1401 2726 805 4191
18 3086 3361 4163
239 2923 2421 4739
1497 2721 2441 4335
1554 1855 4154 4580
964 3273 1138 4284
783 4686 1807 4745
1857 1395 2686 4623
1032 1185 4096 4244
995 3642 96 4397
898 1023 2497 4517
2002 1687 4198 4834
242 1828 2866 4757
1992 1341 1752 4139
768 8 3316 4895
2124 4843 212 4895
1333 100 1988 4439
2051 3513 1393 4819
85 3496 2334 4623
1212 1373 1112 4876
1180 1335 286 4202
1922 3784 2892 4321
349 2921 2118 4811
150 2105 186 4140
114029 112285 226120 296485
64177 32198 258664 299793
59416 176133 221893 293828
65967 76213 167027 293261
14504 283632 156652 290081
31571 265236 276357 291672
97086 269593 68241 290675
73268 106769 246587 293839
10171 185152 132984 296646
16604 66734 165528 296899
26714 133550 150267 298999
124177 202224 88602 291504
