100
99383 88344 33035
96915 64794 41381
95386 59623 67992
91421 7269 19016
98690 54070 40964
93926 60057 90953
99172 38141 96668
95368 15448 32686
95782 37133 93025
95123 55295 32115
93929 45867 64449
93058 63774 82484
91393 48656 30923
98042 65676 95128
94421 64724 59282
98537 28388 95289
98315 4531 25379
93526 45854 55053
99956 71654 67495
99170 33127 31062
92305 81721 87440
96327 92649 23715
90846 28264 62024
95857 55112 95593
99582 256 88911
93367 81989 58503
94043 70139 37687
96808 77581 61403
95788 83445 25600
92651 66635 71735
99932 55193 10177
93368 90628 46645
96226 21229 73301
97539 81538 72782
91434 71639 4356
96601 49247 50101
93317 89454 8757
90756 71090 15681
94286 56216 67388
99689 64528 21694
98440 34730 18512
98117 22397 39484
94481 55647 69989
98927 55673 86850
99497 25679 8954
96965 86537 95704
96219 2874 39332
92871 60339 24570
99503 4977 15617
93368 9541 48716
96340 250 71577
90723 70320 73973
92846 53334 40410
93555 8580 73124
97764 38205 83582
92350 74294 56551
97034 35101 13081
94914 15072 91881
93743 416 4637
98365 315 40262
91432 30920 18350
99228 37548 39840
91474 51350 70077
94395 7260 65063
98235 39014 31929
94428 49972 88180
95928 90946 1449
92404 34868 85132
94613 52221 63634
96840 92825 38939
95128 49017 28490
97917 75213 41764
93324 37444 48727
92183 25061 63756
99772 73978 59801
95590 74286 87180
92954 22481 23206
98082 32695 84627
90197 84536 61592
98804 35909 57880
93622 76935 51712
97343 34560 35308
94340 19223 57492
93810 60736 71042
95661 54547 72026
91305 61591 30222
99444 76123 5695
93465 50919 1802
98282 3229 90063
97637 2096 75768
92600 81037 1053
91899 556 11099
97468 75868 88358
97131 41929 11582
98933 22960 17356
90163 55584 80564
98899 65076 48590
93773 8144 50606
97190 69546 66567
96466 3797 26141
