10000 500028267 500016225
163626
178346
140696
186718
196633
155678
178348
61808
198534
178386
172914
170396
193043
136570
195851
129755
174137
195637
199925
67060
176347
156619
159086
169462
188816
155917
190348
195180
75592
184271
186203
185092
196143
185032
140352
189077
120288
139945
189764
162673
178306
185256
92012
106497
180527
182941
194985
170847
165511
155442
182801
197010
199061
85421
197871
192762
169871
160957
187486
180321
174672
189480
186949
181183
168059
188634
172809
176332
165893
190433
173684
187336
125987
156356
107805
187270
188360
183393
196887
197181
187886
189535
183835
181484
166285
170552
194343
94967
172675
101405
99021
167447
179266
191536
192780
176779
188266
161512
188443
197241
198734
198099
190464
185530
191892
194668
196454
189739
196964
197442
169100
174139
197637
162059
160613
192611
198427
190979
103446
164821
188331
189726
141311
199356
197843
91419
199514
189736
179268
193379
190646
158627
164421
146501
197858
118403
191317
121359
172930
183106
165224
194137
181639
193171
182256
195483
163945
176529
199044
179911
163381
187635
66145
100049
155107
159231
198087
34421
193039
185686
154042
148907
194029
60410
199795
104402
187949
188072
142392
172193
192164
180070
171923
192913
171738
92712
197675
105989
139401
155896
189130
185346
153127
188996
188862
163576
192263
196174
98156
199438
173720
183852
177818
188107
172314
150356
186022
144211
177018
173967
183715
53481
194280
177173
190058
155012
177423
199219
189172
164986
177179
195757
31743
198063
173664
164990
190535
134283
149016
190611
187390
190499
194518
158702
188885
189438
191712
193005
192370
161202
180651
195517
165521
177396
172416
159043
167258
179699
166037
184599
96083
163269
173651
51854
181472
173990
193025
194501
199336
194493
199594
180914
196084
197192
127547
154563
157880
174904
173443
142431
195641
185499
128427
199846
170236
173964
163721
197535
109823
159885
87775
179318
192678
199365
188148
157240
193008
169850
174384
185222
141666
177863
142760
135475
174979
157991
183003
184932
171171
193777
190225
109720
183234
134483
194649
108479
194105
185867
188252
185763
169896
156967
103034
189385
197724
128633
185682
180208
190251
180812
147502
148529
171708
170174
167479
193662
133919
191232
154889
175852
196798
196205
152298
194701
183700
155285
184538
170381
138281
148859
179035
159410
194929
178072
107141
190071
168366
199004
196111
92731
187059
119400
192662
191990
196881
160834
150662
191528
186006
176245
191334
195936
178524
199252
126740
114207
191270
189338
182919
195750
197165
148480
199366
171622
172320
107627
183817
191227
195527
179963
183898
189281
171012
157865
186333
76588
153912
187810
189246
174123
154714
193753
165176
189456
123067
159594
193140
112920
182805
184134
189732
182797
171794
171731
176886
150575
165974
183842
193108
195909
149307
170144
162715
197091
189150
160159
180541
151363
104135
160498
195214
194708
178114
186018
165158
172738
187263
187320
191813
194133
187500
144466
140174
189284
191052
196714
131656
186305
149618
197325
186413
135761
197138
194528
175719
168595
196379
196511
183438
123417
199844
197711
194153
173607
128855
181615
176855
133522
111204
189665
190778
173897
184641
98991
195610
167732
145542
191245
126396
179223
186012
170201
169545
165800
142679
132020
184747
198065
188070
169441
192523
198306
174037
148620
174988
191148
115744
112216
137188
191223
196460
195196
191797
173413
188284
151742
157525
168321
189171
192505
193411
196942
173585
162165
191611
162621
179598
195882
152618
191688
194947
190713
161703
132277
146171
199678
195574
198042
198173
131246
53194
151919
153552
185745
180159
167315
22970
185998
122259
196822
188992
150146
180629
198692
131646
164780
152147
129646
164742
174644
127488
67210
155264
184276
195688
190127
158929
103062
56528
185280
163390
194836
181823
186519
195567
156159
166391
170185
199609
180520
197963
188887
177898
145536
171564
192993
180430
190052
155092
199516
166512
149693
191072
198514
197704
192585
125933
186142
159269
66230
157711
107886
119948
154531
147929
191971
122844
144731
177944
170704
169312
184737
177420
176184
164806
135113
191958
176137
157739
129716
56842
146692
160864
175340
167641
179156
120724
174715
190176
175647
198913
164922
196762
168488
187551
146314
180189
187342
199899
161345
139753
127993
177613
181022
178634
194251
192676
165712
171868
162575
194832
187297
145491
176503
157805
195679
120779
189534
189947
194318
145988
173589
93196
111004
143480
182068
142388
121935
163835
82551
155054
164276
171675
188700
154898
178952
197014
199069
197160
168669
191959
194951
174971
116684
194440
198585
194188
151996
190318
180641
143456
178926
157644
156886
127057
116271
173611
168335
178905
162218
178039
161653
180380
157425
196863
183982
164979
173513
132392
188925
143311
194312
159161
175080
143587
195001
169437
140875
198701
194772
167902
196353
177950
185193
195425
128847
143823
194100
178606
184130
154304
155445
61146
190538
192198
163704
157434
188595
179424
173446
179420
197394
82895
184908
192309
148004
66219
136880
164070
181280
161861
165653
153696
159363
77339
193672
82615
170962
77498
193721
185553
171384
199775
181593
182196
174185
195111
167423
190670
174281
136149
175573
58007
183306
160486
128319
182244
193487
188936
121630
191200
159841
129391
198609
157318
180735
193289
198367
183672
153273
196012
181469
187993
179142
195962
108143
184095
191352
161813
157456
175311
51922
197337
177442
183364
171703
167117
184893
197017
133739
198562
176035
147720
169313
151212
196063
177298
190675
198641
196066
195847
160624
197507
191648
167080
181433
162897
173238
199417
158053
181571
110903
79341
171681
86142
71840
192917
173231
199156
189498
196858
169608
149382
193543
179004
148242
160490
196609
191753
170311
193426
113398
175363
149565
188050
198805
176450
179527
197344
199535
112379
199587
199346
92019
176922
172091
110259
177973
180082
151334
188301
185961
198325
195675
178161
124879
187301
159917
186537
82700
129106
141943
166940
161829
186114
199900
140885
185368
190016
195876
194854
185410
176182
177594
189707
193771
54352
186512
188742
186840
167004
176336
191064
196157
192747
118510
151225
158830
172773
182275
178473
11301
178135
170034
113208
142759
182179
179529
169625
186495
193298
106641
168414
152741
139168
180098
188376
191443
184441
191854
155049
110561
180769
174126
154485
174003
144027
187540
193649
196535
172510
152445
180132
169042
178972
192344
175853
190842
90839
199173
164076
179137
190385
178225
168600
178594
197318
174916
188242
187733
161302
64135
165397
190010
196401
137139
152567
179113
180241
177205
147734
160563
180932
186408
194967
194364
195469
111907
184504
181897
152987
186687
143871
165415
199801
194808
156236
188356
189647
150003
193888
185178
144553
162103
176329
193716
182462
133677
161391
199759
167657
144871
197479
181775
151538
166690
122929
182724
188611
195073
157307
147071
173935
184553
163002
189867
185252
193383
158351
172213
159434
183619
175993
160061
198502
182528
161528
112645
159903
161166
196640
183183
190080
189779
138379
194222
197738
167861
187654
168511
181618
173691
189588
177553
159599
181527
92217
135629
193675
157621
140081
190998
169137
194436
155557
175685
172522
188743
194790
122029
199591
190448
183643
106411
55162
161810
199037
128669
158883
167473
147724
166923
199945
136798
142346
189713
196772
122250
176548
179433
198447
187607
169047
124372
163009
154871
197587
189405
59662
194198
167829
185522
179533
6329
184936
198041
198660
187964
169660
189980
159368
169969
176498
167780
194075
149913
163572
178175
197878
184186
152420
184033
167959
149257
167384
172256
159380
187684
137397
164032
179890
186535
170534
125094
173981
142314
76176
150642
165983
108156
168912
132470
171372
189741
192189
196328
160855
188826
177353
177409
198769
175107
183181
129173
174936
189813
188129
184915
198832
190662
199735
198114
197454
185915
190868
181403
179012
168123
195501
161110
187587
197609
153936
189469
135993
195038
194515
172813
159448
107716
185945
174151
162902
188388
184422
173356
158431
183821
173743
184989
98057
198156
146355
155932
180486
151353
193075
184720
161854
171052
187441
88869
82933
183632
163043
165624
123381
192314
199048
198888
130811
175948
184864
192855
199369
111780
182074
175277
194267
139922
178230
199149
184410
174200
189495
164335
161993
174326
106443
186117
158585
70050
164618
123453
195397
173204
187979
188864
33950
186380
195282
181661
195274
158650
133550
163005
55660
186373
192325
198964
185698
197768
198818
59038
196808
182642
182557
21589
146823
161881
185690
137159
175662
149178
196770
199537
135460
188222
165463
196593
186542
187063
173989
198240
178009
161008
155759
179728
185276
194533
181965
163428
133241
198576
124345
139300
191917
179881
178391
107091
170206
185016
191132
177710
181103
107618
149624
199757
134060
124215
181041
198942
161253
199000
178603
8334
195958
179159
176752
190203
187708
169183
181105
169607
185931
192241
137230
152019
134899
80015
196115
177054
181600
144014
176930
197574
191204
196812
159941
114530
184917
95618
197088
165217
188728
197177
149220
179217
171547
167203
198638
159808
181601
146650
188239
130645
152511
187783
189547
185392
158647
126968
141060
169019
199384
179675
199379
161895
115344
56152
181722
101431
197835
180400
19023
198172
168039
138753
189863
143571
181971
112110
182903
198619
175891
129185
151638
148791
134896
186934
193427
198394
132547
182889
166192
168797
195069
114705
167495
160975
173511
194738
141206
194361
179010
181285
150823
191427
197461
188457
162830
198364
183209
145796
181420
128499
144450
156181
172269
169306
181099
193023
195222
166131
152701
86550
195557
194915
197158
172611
122964
98992
199620
85124
188909
192712
176876
126530
103319
197817
198127
170341
194894
174666
20685
191662
185002
191358
194025
108940
181549
191557
172712
192910
194632
195040
158945
172660
168301
196932
17962
199466
174239
147085
104727
185091
167418
195922
174797
175381
197959
171843
154446
92385
104366
184466
182202
113523
173562
193263
143263
115278
183408
149952
188018
197015
194452
178823
190164
185196
84948
105291
107426
114334
174962
159685
180389
197365
195257
120348
192929
181647
114673
98885
185704
188274
199261
172888
128082
192428
190964
191036
192827
188856
166635
168038
171559
186951
196615
172556
179540
168060
198708
163854
186420
176220
133149
125856
196311
194328
171460
164958
174429
169880
193362
138842
199066
176507
181282
190496
190710
189574
96743
119971
168737
132560
180608
175923
151173
198786
188751
157300
194866
187520
50041
170940
143291
155707
136374
192583
191607
122975
198373
81326
191511
131415
189301
129899
172262
140178
187611
146021
85937
190645
184348
189977
107980
187991
196647
131395
90105
198974
186701
159834
193983
138225
179130
180531
196344
153246
180710
182348
165193
188549
199168
179748
137740
141740
182100
105169
181904
162313
182763
98462
162525
173283
125022
79459
45275
183321
194454
142358
154054
195046
154360
135750
161839
178809
27731
188112
175530
180188
176660
147811
199565
193314
181349
181307
183958
143546
199126
183777
199222
197013
194134
198789
189631
190801
184408
42032
198241
191203
194682
168657
196758
173207
185298
196821
145976
186064
165164
196920
166367
195208
189159
159923
175255
179660
168899
198947
198592
183778
170402
196281
168280
142807
166961
197595
153878
197081
188385
136844
142165
164019
190905
154173
154059
190651
191785
188478
199117
156449
187998
191102
191267
197482
137472
129393
163909
191442
198168
198725
97187
186201
181110
133167
187099
148372
158365
194050
189979
151531
163847
188557
182399
156416
193791
175276
184178
197056
175650
194027
136136
163313
146804
196850
191526
177786
180425
176755
187508
197865
187935
189996
189207
127119
169069
38977
162372
129777
158250
117482
165538
170378
198284
183501
111440
167536
72805
173297
189209
191361
193156
185443
132726
156966
195711
159261
95838
193625
164004
166937
115865
168885
180703
186647
180845
189292
183310
186908
138053
159722
170145
102543
180746
176654
161949
168872
188271
192069
195247
163653
181130
82007
151802
131797
160890
29628
153988
177796
178964
198662
135106
195446
177874
196699
186795
158602
167224
110870
175822
199036
195555
128447
197273
139864
114297
97234
175965
181846
102386
133881
194539
197764
178071
125629
178110
147881
188563
129990
154693
111254
168859
182430
120379
188713
184620
185681
140194
195943
172717
167982
195143
186122
194881
187865
145092
192408
197397
193110
113482
174498
102675
173938
165771
167326
198136
172952
159590
122177
187924
160447
180230
177628
180715
122958
187750
198637
177321
168362
192560
136626
198727
185951
180919
186570
146103
179095
196554
199787
190298
193507
195859
172918
181375
163472
199423
198738
195949
168574
184489
191405
190775
158626
189321
193995
128226
183352
198193
173399
198360
196685
173272
197532
198900
194965
186675
179799
175812
184576
183135
186720
187440
183227
189084
192856
188085
139122
191718
190489
196786
175359
143342
197449
172347
171593
199995
169025
127844
151948
192906
191942
163549
198853
190063
175270
186471
192175
168836
185874
193326
197493
110546
198836
142870
185134
173598
99690
158256
164371
182522
185415
135891
158589
164595
148638
190027
147474
161079
90877
162987
187385
174505
178982
164324
178188
144026
190344
198606
104889
190638
194125
188024
157967
198975
132173
188832
159495
150459
198587
197372
167790
184990
7480
127725
186854
193463
96559
168374
188935
170070
197509
192942
179991
1025
197309
130714
122270
188402
196753
181774
190334
183449
172526
135340
161285
127220
166418
187664
195081
177463
185523
170242
124466
195043
163189
180358
188639
175889
188663
188731
181558
192439
152509
186667
171204
197396
198120
197264
150494
109599
196747
136732
165828
168459
160782
178736
141134
164114
166912
188970
139553
132498
191139
114497
149414
150321
191039
194019
195021
171068
144012
129828
186344
156939
199676
170946
120127
141667
189857
164339
141757
176836
193880
191553
168388
170266
168626
191490
185829
195620
191820
199962
195794
148660
195727
199155
193804
196732
196988
185654
127121
166891
199404
118765
189861
196611
176652
157897
199524
148686
187106
192990
184218
196041
166293
186805
192732
178231
191116
184528
196802
164899
166014
150427
195801
192413
179108
187072
103254
156223
197456
197207
106853
171381
158291
148503
198467
149779
136840
193022
142217
85576
175786
179729
189144
174424
192411
160411
175749
190426
178539
165981
194956
165699
141573
166226
187778
136261
173559
162971
104463
174611
186818
47810
187222
194043
147244
190463
185021
176747
158561
189478
177410
187914
177673
143599
170701
166120
194600
95674
188559
165087
188544
160822
193481
162596
170581
152081
195498
184091
170344
159565
156846
197328
175884
102054
199143
161504
178167
160606
157524
174031
182641
165510
145345
162921
193126
174582
190837
183883
191499
160557
23625
193330
111817
195973
194868
197400
175724
170872
194693
182023
172554
192600
192106
179293
185882
195240
187760
164084
185498
199996
162036
162516
192959
141980
194584
182473
193231
173162
167688
115238
186318
149468
167023
149065
193476
178064
185364
195161
143694
61475
166098
152108
193578
149467
183510
49258
172761
170806
194566
188017
187026
157884
160206
145142
167696
151950
196210
191560
170016
151616
177144
30160
198386
188262
142676
153507
198563
192450
186932
194837
192804
199598
113171
179152
189448
181084
197409
194209
196946
178273
131751
149815
177662
198954
175230
122949
196321
188949
182967
196768
181063
158639
192766
181358
197048
172452
98121
156794
182208
175245
146569
194300
198023
163625
173400
164686
142701
124017
191708
124800
106407
188431
195307
142360
140031
199476
132480
192414
187845
184061
137815
191283
199224
155290
198015
112131
103643
188937
180597
198073
180199
199021
141564
139811
193900
121458
184029
175521
193539
119325
191406
167390
179442
175504
146385
144454
160495
101401
191211
151370
107177
171451
179182
163237
140603
168742
169885
189893
167671
186799
181874
183415
189948
128659
96705
167314
155439
173534
194067
199451
149342
177610
23496
172963
153392
150088
120072
155937
199965
196188
161946
171319
198146
87887
199982
166095
108853
174798
183776
150056
199939
187630
99267
179253
197645
179737
192114
187144
188581
196236
189000
176979
184930
178942
143247
185157
142062
131775
123125
199080
38280
180826
199901
162778
182209
136741
170435
182792
176675
153763
152309
199287
186620
187207
115007
193437
195158
162419
183831
82720
198589
179300
191863
194618
197183
178718
190297
154939
191100
197777
197111
146960
187517
189109
146803
190797
189562
119013
141707
124476
194255
197258
191248
154577
167439
180679
199958
187828
183521
178921
185358
142725
166006
191848
196289
135414
78824
199258
177487
193772
150376
188865
189383
198469
197025
192529
156913
194274
190106
169645
191065
164299
153067
173247
124688
198819
156232
190296
190454
181301
187003
54618
155064
143231
180166
176535
178041
183497
182218
150561
188553
186874
178695
194794
192116
177435
120132
192022
180886
176382
194308
136031
189668
190604
189253
171312
103135
170851
184730
175114
84597
187897
147600
131145
122726
196283
139319
163272
164524
189063
194943
59543
194031
188838
177318
186115
161223
198406
152370
182265
183721
182260
174398
187806
196258
196452
189595
181222
165626
117895
182006
138588
195381
143119
151467
151537
150598
191421
23396
158015
188424
186070
184465
173954
176493
144273
147249
199050
198199
181928
196860
132650
96250
180319
172195
140765
175752
190584
185943
193684
178093
137019
138315
189536
191957
189607
197022
114168
93266
188002
192932
194583
196759
179821
183252
181873
167477
118822
192791
179525
155183
166446
151084
184362
155338
165155
132180
194081
121720
181493
189616
188613
166526
160786
192874
186729
194952
165458
164678
40868
199592
186724
178998
173241
180283
111501
136755
199421
179534
198741
133483
187926
180760
166754
179436
181712
184494
173983
195189
176984
192956
139987
159347
193836
198580
191580
178384
173477
144270
123129
192921
185035
146357
180816
160663
175039
199805
179700
193510
187553
98328
176401
170821
191456
195373
184855
162366
109461
152451
139645
196937
159387
194017
133752
199333
59401
146158
103358
171040
163251
198549
147057
133105
149171
93303
185764
195927
178707
184067
148486
144258
159930
198938
197097
192257
177276
122222
179868
116150
141188
189725
172910
108073
171541
176877
190785
199658
169508
180631
171695
177464
182290
188441
184992
156306
188386
188361
181573
196980
156979
57430
155651
150272
197822
166263
175793
86913
191919
78110
172413
198759
146440
190655
181847
195855
111670
196086
190482
199496
146133
193249
163716
186658
157324
166015
191016
195590
193976
153256
170319
189051
191068
175869
161078
191520
176828
128863
168485
190577
186529
159758
182995
191784
196893
177804
149250
192946
199412
179717
127510
198027
165687
107636
190813
146639
185468
159027
56023
181351
191491
173984
199164
167996
151605
159991
137287
173050
183302
197040
185136
195091
148199
168623
120224
172696
174771
169070
183292
190912
186766
124481
196017
190486
189038
191523
187622
182471
193529
154140
139839
194372
163407
132178
136951
126960
199707
184284
142039
111173
196781
182478
175628
198695
122671
34942
197839
191348
190971
178080
164214
137169
40813
104113
132395
135619
180584
128552
168446
162723
159490
199612
194574
195834
171017
164960
195813
174405
147735
134711
195996
186215
154308
166761
99334
167445
193405
155263
196749
194930
177664
157471
176633
194143
155843
181196
174757
188172
173010
193718
96158
171484
145900
189667
196974
189656
155468
129615
191029
172044
148509
124994
195415
194477
170629
126932
196621
167449
151310
176196
134971
171733
192797
190972
166068
122682
149021
166220
186316
115178
123968
195767
193436
151896
150343
167322
196788
175625
177107
168561
189463
165492
160629
166313
173710
182944
178424
172406
185845
55704
156151
195827
110651
179819
190743
196006
179853
197751
171119
194679
87334
158541
172263
140577
192723
119615
159054
137315
114505
195897
182406
116238
187493
193261
114791
107834
170716
199495
186407
126733
198760
148920
197888
162994
156558
160638
185447
148674
132660
180742
154732
197094
155039
199734
183676
197882
169657
91750
163046
166740
188488
152902
184858
199954
80604
199298
194073
141169
183330
111855
175881
189081
194024
181480
137906
82114
179504
127144
170436
157079
193524
183061
180657
138054
129837
194633
193254
191354
156196
184311
184455
171574
191402
135778
152710
188391
81121
180154
192642
108059
197053
195074
192086
160265
193240
153568
109531
187167
168353
193291
143416
152993
170187
184782
191014
182000
163378
146054
176742
184971
163609
191049
178078
175106
182808
157847
196519
193841
183215
168755
74067
151401
135060
159428
187056
187314
185888
187357
199652
151604
182298
192866
182736
199716
199904
165827
117771
198897
114508
147904
196967
196304
169128
178605
99898
197951
188794
185900
168736
125726
178241
165114
179103
170693
174574
175462
187431
193553
196241
194211
192854
148300
192957
177048
133352
130865
162135
182099
185348
122404
183441
176400
199894
156546
198285
182076
196215
196851
166892
146618
166822
168549
158901
139604
197332
199452
144805
199084
184010
185030
126812
173475
174943
199332
196125
195790
102169
136793
174802
190131
163804
163447
161080
176760
171910
162777
186384
148147
187260
121495
184995
191172
189162
154408
152634
176700
98306
182310
199105
129872
197992
187837
109226
190207
176555
198746
187405
190456
190468
130996
166488
172837
185146
181076
178750
148751
193425
187751
181021
97069
141644
197371
194217
137607
170887
180711
178158
188782
74094
194902
126181
154336
199741
195444
191672
101707
193316
115981
157311
180194
165222
187957
175885
182669
170778
182118
130581
178152
173202
185801
158590
198186
164932
178741
120791
119713
138687
173038
190780
138177
156165
198874
191329
182850
144607
185007
179454
192327
158683
195002
139386
188523
131880
168430
170074
192970
197908
112812
138031
172346
191612
182140
144561
171208
179075
191475
199750
149097
159439
192429
181396
81107
189990
194622
183338
193532
190248
122062
187980
158652
172252
178237
188038
147583
193223
144497
156133
175171
119375
178103
166871
171331
178804
185039
151938
133431
198814
172936
195577
192927
194958
119166
187782
193032
145791
152365
183198
175303
134849
198634
195251
175376
107850
161938
177846
192945
167172
169359
192199
169857
189376
185912
158389
161999
186423
187123
135930
184170
192608
184498
198546
173484
161954
180193
152554
186224
194829
192383
94709
107407
178724
191950
197823
184865
124138
119278
176513
168173
185365
193429
178402
175450
185467
191401
116813
169584
189034
198102
184668
188209
169649
157966
175759
199255
157216
196455
172141
194551
182563
93726
179239
191599
198302
194667
198568
183453
182971
137344
189315
197122
189753
184053
198268
174307
197487
180308
173404
169654
193745
190012
190877
161748
191321
199717
164953
184861
155396
177699
159897
134642
162064
192300
149356
146841
196201
170316
186672
140793
147357
31627
116669
173763
100993
152230
162606
141914
125907
199253
196440
183481
127866
141632
182991
120745
181312
184577
139150
174039
172532
163602
199802
187891
191969
199886
180529
98974
188279
149112
199161
195491
163693
174204
97594
156146
180012
188162
168610
187762
184197
185618
193018
194426
178922
142325
157025
141404
191386
116603
84782
196203
162031
187709
192075
145847
179743
180243
144178
195739
189999
152856
176230
131966
178585
195515
178863
175511
189402
196900
193170
193457
173285
147605
186033
186569
163604
147156
188746
197525
192474
193184
186859
174806
137571
132955
171815
195125
191441
175827
157237
150821
197729
150230
185058
180905
194356
146016
185871
105775
186848
191370
86010
147981
154564
197814
173877
136128
150616
180638
148553
134988
147558
198713
190573
156318
191929
167775
171394
188429
181552
155701
190476
183539
180982
167520
174149
155644
197323
191124
50546
137435
186750
163088
136359
187341
193347
192158
190109
179579
178172
85600
127015
179518
195209
129094
193673
197262
196868
182661
186311
146994
190502
177576
184711
139330
198046
167175
171240
192740
153472
181888
90237
192182
134806
146257
116215
179375
193998
189701
136282
186704
190478
191940
199776
198858
125636
188901
138171
89112
197864
168013
177497
138658
193019
123504
196725
176405
108744
168714
166516
186693
184694
187948
182250
196763
181133
169751
160080
183733
184710
181444
195300
199473
160903
193918
194946
190935
199533
177791
185884
187433
147481
188974
188071
128059
128630
193056
179830
96197
184977
156441
49213
193441
186402
174720
190139
179479
192663
189991
195476
109650
195110
184736
197364
191349
190554
165204
182559
167898
154481
176831
112638
187396
195918
155274
161888
178014
159614
172010
185416
169233
196309
198404
149790
188964
130176
176552
199519
184133
194830
149658
137860
199449
187546
101670
131422
193599
199208
189688
164707
149905
190466
176728
174508
162188
185722
190820
163840
163986
198171
192488
196864
197300
179714
173212
178950
160172
136420
198192
191241
192883
187503
166745
174922
191033
196079
173881
192401
182388
181303
140218
179873
196704
161587
178558
177282
184217
193158
159480
126088
96347
161603
193340
117461
161994
154515
40058
151651
128961
189203
181858
194730
64443
87738
159560
175912
130958
188153
193689
191286
99249
177593
190986
128100
134947
187552
194553
198331
172691
141579
134233
155800
59918
113416
187896
183841
198764
159187
197853
174995
189959
109287
199581
175274
150930
183693
170898
149577
72522
188056
165959
157512
188733
142400
111181
198402
131017
190783
186265
181096
160142
131980
178865
190364
149066
89161
176272
196363
198653
93311
171364
184517
192033
145763
199038
181655
194817
164774
174165
199630
198266
196234
177993
171003
157757
187858
188399
191835
111835
175743
180554
193860
198510
173830
179066
195959
91636
190388
153653
109533
147748
162134
195445
129475
196101
171192
188543
147206
199209
190510
111096
169496
87147
164693
195075
178608
155381
48873
181330
185996
176360
197665
189452
199270
193508
90668
199774
90186
176294
192597
177081
173705
157666
181835
147110
152707
115142
51667
156647
186651
184349
199880
195911
185653
199743
176883
195769
153061
40142
170214
134535
122641
188755
191282
132053
140514
188174
133300
197879
170854
176486
183580
197009
190453
179372
179661
152593
195320
167499
188151
161547
194779
197384
188843
186896
166787
180381
132418
182786
188419
145206
173027
187386
185235
198956
198053
192714
188487
178031
189123
192148
164005
171294
191585
192602
142228
170090
152442
193037
182271
190188
162773
156690
176350
158503
141238
199637
186076
198474
112530
195109
193390
70913
170647
198330
179409
150096
166507
154189
167802
127474
167303
199008
190769
192805
171952
146083
188732
184684
197543
186087
167560
169191
89832
179754
112170
175663
189883
190993
183664
105887
192900
187387
121022
195503
96214
191251
145814
191864
178171
196472
188113
199985
191013
181450
197801
176583
188784
189544
168878
189752
196638
177324
193278
195227
159350
198289
197050
185638
172443
186823
170822
127646
192013
186450
59528
187691
179359
158465
178630
149438
164229
154624
190587
162940
145011
195732
154771
182392
177766
190425
122984
105831
169537
199344
197213
169540
192686
197900
81855
191867
45607
98499
152259
180790
170885
156463
196145
96857
189040
86567
126622
194052
187140
93455
159095
198454
150719
173832
172530
129550
178073
137841
192731
172946
131533
197402
199621
173770
154316
192420
198110
164416
169145
158633
187701
193915
195232
163439
167551
174996
161033
161408
187362
195969
183274
178712
198433
182961
187226
185956
145970
148827
163932
178555
193186
190380
117407
180483
166298
160824
189124
178785
188875
178819
185855
160017
187527
176968
198480
197861
94468
196545
199150
5924
174623
195097
186481
185140
196322
186237
146977
179185
186029
160808
114787
194780
130798
144814
95382
159861
174544
144181
184985
192463
148967
165999
184929
180056
191949
179204
199431
127515
176926
164830
184949
133474
168504
149196
171424
155034
185101
157153
185655
192430
160704
175612
119514
161951
180393
118005
198255
194118
195549
175551
166866
53566
134197
191429
109601
185913
183746
198996
162487
179172
135362
196695
53065
153704
185424
160047
167122
195048
181650
195698
196923
181046
185863
198243
175560
155877
181563
174303
182951
158242
182993
184608
20948
152504
96649
198724
197676
131562
177908
196300
165554
186147
187475
156375
171626
182064
168284
187077
196182
184439
158692
176055
157794
194865
163069
135917
165403
183846
131766
192717
189477
170072
176941
185453
111030
198414
158157
189832
178205
187075
171959
188919
87676
150558
172758
190889
173390
176256
193708
189618
195419
170979
128597
169415
197977
143588
114127
165590
186214
60848
169510
178779
197639
171605
150368
75174
196003
195979
182344
195657
114756
187651
194309
195636
189492
171619
79793
185220
184121
183578
177924
197275
162166
114066
115051
179211
163410
162822
193439
165156
153259
171883
192157
153321
177240
188332
180574
140469
182512
137809
162141
117576
110673
138188
195265
198188
144391
156213
198927
82284
174737
110590
106353
193635
191074
136779
199563
168425
150175
191593
156906
122055
143055
144412
155985
191472
189673
178253
196120
169483
163068
182825
191693
176961
194884
104979
174821
190294
147472
195479
145839
161195
173812
191620
167446
180286
171266
177250
190317
168268
163462
36555
176449
159217
184701
134332
172559
193875
171123
177788
167204
198506
166964
194781
160451
144396
183829
151050
94661
173738
161242
143778
197989
179332
189345
144711
171525
82280
184430
195020
177864
192852
178957
169310
171543
181454
166214
197223
154193
198354
141136
199804
179236
163533
62571
194479
184914
184168
193397
141455
191849
121905
155945
182567
150111
134803
191487
87591
144535
189237
110816
195389
198678
163511
178760
184800
131795
190293
196504
198515
155419
192672
182932
53206
178890
142013
194442
186211
139097
183594
172772
95019
96726
138584
196876
186655
193408
182098
190324
184547
150346
127043
158886
180019
186094
199300
195037
198652
193440
176330
173850
148576
161209
94629
154965
108077
183404
194988
133709
186460
189298
79155
199853
126040
188387
189114
192256
197155
191985
181194
190087
137998
171083
195565
167945
191008
162105
78810
199442
123146
76960
144829
2758
184330
189702
113798
148932
151219
195551
171283
181901
138788
194247
196141
18069
196958
188096
196015
194811
182861
135724
186053
192409
135003
194718
137031
192242
146662
194969
193805
166270
175183
177336
199245
185761
199362
187152
199434
183092
192051
178374
116680
191909
196975
160127
171346
185569
156002
187215
197064
191906
189415
176726
182943
108967
194022
178425
178047
141498
106678
162776
191830
199321
191308
197721
117209
190693
155792
146090
195203
178590
194114
186317
198871
177620
170301
156005
194670
117589
163630
162219
124226
155663
181339
60102
186844
81756
186416
149305
191360
156040
186436
136908
197881
190316
181503
184872
177063
191231
178068
171589
194686
191272
170617
196503
99150
199335
184485
154970
141797
173656
120842
157537
148713
191175
198940
193657
148474
180681
157303
155080
156684
91654
160284
174976
164179
194152
139589
175369
187579
195345
175654
196087
189236
197117
162833
198122
197960
198052
191306
163905
188562
187468
188084
192212
161280
166719
162354
191741
199115
179617
198437
175079
181634
174654
137730
174896
158110
89056
163368
148851
192250
180401
184493
136022
189641
184751
194802
162501
169110
124972
180118
163004
182214
102520
188802
188090
197802
160424
184552
198980
190140
188985
194973
163852
188591
171350
188860
197562
183298
178302
163623
182713
197489
133772
175855
101988
184202
109552
196239
181115
174512
166954
177808
131019
182029
192495
129681
184567
114418
198197
153236
199468
153103
191543
158350
180013
167200
128990
163392
168685
198133
178206
199337
199413
77690
193742
182929
175073
178086
125824
152746
187773
123528
181969
195438
171529
193323
189583
162406
195926
85802
194427
191565
180443
195669
176619
169870
198524
120819
199199
113962
151978
191469
74529
161611
188649
165848
182624
172871
164867
153753
188994
194838
170340
196719
147330
78661
38030
126877
185286
195846
195530
191630
169845
194282
182251
193723
97313
187165
173107
156424
166864
190152
91937
198481
63718
186751
163936
198812
158409
180149
147069
162416
124891
185824
136425
188047
178853
177665
153667
180695
176862
199938
171526
179218
161317
198458
175661
191885
193814
145897
146570
173804
71150
184630
192424
192916
145352
187878
149999
171953
199179
155827
153797
158013
164091
151877
167946
182277
185449
177647
177840
197326
177779
175094
125148
176229
172760
167647
156716
131106
187834
74188
155638
173378
143244
197988
192417
199822
149868
194155
147855
178678
196820
183572
191250
145942
143398
12328
196769
175604
154561
97508
177226
171143
193774
138999
165958
179194
112420
178096
173551
172245
125869
155892
179906
173778
171308
185152
185031
196124
197500
86641
119470
187239
181159
116234
150603
196325
173719
193575
189606
195098
185247
170255
191190
153759
73594
198034
195062
173543
158855
157706
128168
177830
172810
169001
181440
145615
159341
171038
191594
197089
153391
197197
181585
28469
158447
156564
159984
170504
175942
183423
150947
153811
160627
171857
190747
129410
193381
166307
174733
49685
154386
107234
126282
170496
142336
188189
176838
192653
188898
155421
194663
171858
164886
113780
131868
70404
163657
187918
181019
177922
179545
130288
178622
124904
151690
198829
221
164045
193445
172655
124044
193905
187791
177504
192788
154923
197059
177434
197109
137901
177287
197654
189806
196468
193274
195188
198489
195768
183225
166153
175658
115762
197965
197036
156675
166439
154853
69951
105866
174374
191460
186358
84027
197796
157142
181306
192640
185329
188673
191923
192183
171516
65169
92475
195330
193952
183789
155029
158300
168439
187353
166577
186145
196393
160312
67182
151643
159877
183131
195172
158967
188230
109644
134857
170029
172327
153879
181141
194792
159405
199936
156393
196361
173642
170712
190893
62480
130273
184353
145808
177930
105916
181959
186181
152711
75350
182133
177430
182324
179027
195462
173254
148741
147713
196873
182331
194512
173834
170383
181390
192025
120955
198632
181697
182842
171764
135119
178916
182652
184278
177006
171889
186268
183701
150173
184951
97966
152472
172892
193428
190342
176618
152910
167335
195319
198444
134140
194691
135115
185696
190968
167978
189153
191760
188111
188785
148823
183345
180342
194357
183206
163052
184793
176002
188285
156956
191606
183238
179808
194193
117104
170567
167700
161650
105103
184390
170973
140453
195693
188835
161023
189183
190825
196738
193413
187128
192844
194953
175928
177426
193113
169902
181299
189450
160936
183670
146063
175589
141883
174220
184612
180986
197684
199714
114896
186902
197237
101258
182632
12941
175635
198822
107856
197413
166149
156011
184367
178245
128410
187669
155541
165604
132399
183961
186341
175731
173455
189660
164551
194358
187839
174397
199992
120240
133220
94627
168472
117856
175279
179965
136474
196355
167954
163920
186108
195447
197948
159914
152751
153745
167750
132391
183879
170501
196562
187971
139315
193703
96092
196774
185431
179061
193371
190369
181184
174825
179426
183045
198337
191062
177719
194513
173647
197841
195901
128434
157074
154608
179967
126446
48988
177726
169323
76341
196624
190322
195627
111522
194594
124829
195294
199101
166269
182733
181532
120699
100869
21620
168674
158018
158649
165282
85295
163482
195399
135725
191149
175002
192271
196560
196116
123257
157593
161327
191737
177393
163560
188273
192113
196290
125417
176200
112494
176811
199437
176658
199715
188947
195243
198205
180609
102361
153983
141175
151296
199725
159126
146423
178119
161627
94989
154127
148235
168615
195084
189674
196088
166420
195744
89157
179377
184918
193523
69016
184191
165671
138145
199192
187014
177056
167584
162705
166114
185114
154823
153558
195566
174890
198421
140629
131005
175205
154634
112054
164358
170618
99228
122176
194333
188261
100925
138421
176631
161749
196631
177492
193967
175162
161133
195056
150045
97740
188199
196897
194500
199049
194599
183786
153499
166747
197656
188681
188623
166088
161582
129148
184827
171900
154504
178233
179692
184535
186242
199797
179951
186618
156038
157412
183284
174468
165749
189560
172389
159487
121394
144383
166262
193704
181944
154697
199916
176355
197485
149351
194721
199491
167061
190909
164278
190213
110228
123276
176204
167990
180156
176276
86425
140528
194785
143854
196202
198308
189853
177241
125912
88437
169937
185989
165555
192459
147400
193097
195283
196968
141034
182869
189868
110493
196907
199856
141174
107914
179752
197366
170596
183165
187491
173311
147849
184874
131578
169586
171715
169848
133533
191090
173083
130915
125983
180470
180669
199403
199006
171907
198960
188924
193124
178485
155752
135696
185381
62300
159097
111402
190637
196028
156827
157381
156915
92349
157390
92950
173150
196682
188809
174423
138631
142585
185883
193311
199863
167159
131081
156082
170308
178147
179358
163484
152005
121608
176373
193608
193640
153856
157454
158131
198056
129164
156145
195816
195740
162841
195682
199470
161737
135705
194170
177440
126836
183653
177424
199933
186116
187601
169184
191466
170082
138970
180278
185130
132098
196074
196126
189530
184566
189949
175266
194082
193318
176515
193730
195166
194535
173013
198907
107302
193306
146821
172812
182593
26992
138677
165802
189775
184756
191689
198286
191150
143465
178261
179735
180728
194853
162100
165151
152754
143590
148002
157594
194970
187115
140356
120664
199766
181509
190442
183976
154017
179296
154502
192092
141896
176911
177600
144028
185894
197722
94697
137517
107237
160628
185323
173626
115911
184105
195303
177415
195797
188091
189600
167819
136990
189614
197474
180783
141543
174803
197877
146008
184231
165619
195975
167786
174686
26699
172058
144187
180041
191859
117660
182984
179976
193085
131525
189620
144228
157615
194596
176797
147396
181319
198908
152392
176440
180394
175910
184248
109161
179919
177379
196060
91673
170165
158709
176983
184769
172097
168500
192096
171111
185828
135635
172183
197859
159328
94548
169922
197277
162290
164098
134844
196721
182130
181976
155372
174442
196165
142395
197351
198508
134478
131690
160580
176279
183267
178794
173418
196383
185843
192902
187375
169505
172151
173128
198236
170418
139623
161421
183969
140989
162451
198808
149820
142493
185211
141613
172743
180212
134510
173975
184635
186743
195632
165272
151727
120257
136557
134398
170208
185857
92219
191875
185105
167970
145076
161875
173837
170485
170437
85280
156496
155762
193922
189929
160147
131549
195548
179622
160283
183102
191769
186293
192534
199618
165194
193267
191153
185261
196230
196483
155502
159792
145021
193990
177080
185769
134341
188320
193444
172980
199019
144364
178636
190930
151617
194974
102798
198215
185946
192584
195699
175821
177678
163645
186761
149239
182857
178935
198581
191898
100404
191780
139336
159441
70524
156768
110659
158913
197943
163322
183190
146934
190506
199363
189970
193401
177590
129599
175897
193297
177356
161579
126510
165679
112792
199124
184972
158547
150134
142116
174678
181590
181174
166878
181101
168858
193936
155723
197666
177105
178532
168311
156319
189294
78240
118267
199232
147212
188876
152886
149013
169923
169750
109276
199718
199614
192227
161040
185391
173820
123475
155704
184442
67764
186757
180360
194228
110897
168759
176299
195719
167093
199458
184051
170492
101784
197131
199082
193260
88523
185680
171629
99917
179267
188989
194908
169944
194332
194863
139065
178663
61513
157685
128972
184164
174607
166225
168232
109028
174593
195500
136821
152384
181294
171668
154845
171726
155587
169895
189758
192299
184473
196224
190123
189856
136036
195865
199512
188248
125498
196390
184124
183258
177985
176476
163989
197483
170950
190556
136504
193741
189429
198717
192333
191946
188180
188614
175321
180409
186131
198522
144947
188995
194194
197658
160008
169580
195035
190790
186000
157639
146210
164649
139180
163770
169577
96590
195673
184670
76742
149312
196491
195060
48656
170643
176637
153243
170098
170779
153757
180216
109333
196832
191677
70784
120270
167854
130444
83562
187756
126748
139929
198618
191344
195169
165982
171407
131603
180397
58457
187289
190514
173789
161014
197831
175563
163730
176170
146704
182489
146326
196689
157898
161613
171070
188122
131147
175293
195592
176352
170428
114897
67838
186280
89509
121002
186222
175425
196335
166319
193755
170431
172431
199325
168365
199477
170992
199685
79908
191387
94089
176975
194966
179235
139230
183787
176134
179697
153202
182405
164554
170056
198258
180497
199331
186706
186062
197188
168164
195353
180737
185259
181889
140195
196620
134551
194782
107112
198544
178315
154761
199767
114231
168809
185834
99535
188686
192840
186745
109038
174703
187681
183554
198800
189573
193629
134553
155131
197078
156439
81349
191067
158126
107892
199772
123585
169357
196660
189572
184086
197084
92467
192444
198217
170134
189877
182916
172106
154108
127956
175447
191126
193626
26027
195078
183973
53391
198722
181380
26827
154749
101640
188436
193813
172585
175146
154631
144635
142543
83485
187148
174010
177327
193265
166699
177611
54359
175732
175434
153709
161873
165657
190332
195532
163586
186784
115877
185421
111686
190609
152764
83939
194432
183869
109757
195258
159584
190852
178825
165113
191866
182360
192974
25630
149763
150132
173007
197216
131601
164888
178728
116766
194646
79507
183196
196766
179117
190074
183620
184965
193685
196765
187039
194026
171804
159454
153030
191968
192121
156169
188473
176403
105968
187179
167095
172122
158628
106119
158994
197557
189309
129005
194801
174450
179276
105627
193498
180363
96849
189982
187465
185050
188389
197785
165041
195395
138695
181646
183191
133649
174292
183232
128397
171530
153532
106484
181009
183807
183902
149715
186281
177849
184626
136959
193511
190101
199076
180528
175608
160384
184156
171676
154033
197470
149973
185892
95541
181132
192692
190669
186915
178612
175621
177448
113994
188282
194184
162866
188022
182910
178725
127923
193694
188167
183342
161715
173203
196541
115941
80172
179365
185418
154321
188217
191961
149427
179250
158057
183043
127252
165327
170805
178693
176949
74075
132366
195024
165733
197697
198107
167768
196292
142919
195305
159725
194203
179094
162572
99063
192764
197269
131925
141104
199580
181613
21575
174101
155116
191195
140869
110438
187854
171912
127967
148051
166984
179722
119525
19745
89664
178325
193469
143104
187184
132318
148307
103114
163579
196677
165831
190066
182998
178280
174549
172814
157676
104226
161169
170041
193115
80910
183568
187591
188025
191264
160018
180101
120846
190295
166455
173982
163224
86437
199360
104103
88990
193714
181772
168057
168433
134650
199285
176563
146681
192513
169434
187033
104133
105799
193798
158413
189629
177677
172704
188771
180716
132045
149026
165389
197393
114140
195804
141157
149892
166975
161251
168566
181149
175041
196367
193236
190522
95061
147945
176796
195681
93064
177341
186231
139254
160868
181626
175250
153656
181927
150466
175680
168267
157335
164788
194141
188392
197677
199506
164648
184040
185450
190336
181345
193679
174052
156777
177964
188626
187349
135753
188181
166852
196739
86815
168974
193494
195443
186025
105562
174589
188375
181580
168532
127184
150713
196190
182197
177958
143078
47297
138889
162809
174709
181360
182803
91202
193634
199699
179283
172512
190607
199713
199211
167327
193815
199975
163008
186648
192835
122105
140027
186517
113797
189730
121324
180859
164626
102778
195223
156681
195089
70598
129812
165745
167832
183577
198461
194394
176945
187882
190816
188841
193690
97883
153710
190966
188574
185396
164296
186759
161518
185186
183534
172567
191146
172011
47276
181996
193580
186699
154654
120836
168640
159174
165818
193896
196921
121962
65432
163912
198643
191818
180885
198556
185920
198189
51012
191742
171790
125044
147118
90766
179243
179691
197588
161314
192873
134012
147678
189951
183648
157738
198621
146892
191978
119518
136316
185579
194271
90891
186048
42257
196590
199677
191827
197967
150032
106164
141779
191858
148552
131810
191392
193270
195700
176296
192598
184475
172242
152486
114876
162385
187765
192471
190805
186013
138782
44249
184002
152294
164394
180511
151744
87216
171984
158836
175599
172544
196650
182443
35274
164966
114905
161262
177734
186071
180677
154324
175978
131095
156286
141800
195983
147321
78947
183204
184824
163788
193074
184275
197596
197949
194675
185847
173445
155527
184830
184336
164313
153366
117558
157570
171563
189687
182665
142288
194766
198250
176953
114599
188226
191695
182698
197936
183718
181602
172719
154081
199190
182141
161430
163772
184852
156052
188048
189930
94011
173515
167666
178478
160469
184672
199439
187755
195884
175001
134425
189224
182702
161730
191595
113182
176411
172339
164169
151150
25503
131366
181690
198794
169206
189842
20333
193993
177417
156229
188476
178996
190876
187219
194296
173758
188312
185023
179028
128888
160378
189654
191296
184096
183382
197889
101580
181119
197579
191167
141612
145144
195429
163981
191988
122858
188329
187623
164632
196889
141094
198494
193268
195474
195570
196595
133771
167307
4532
131870
185975
179040
132536
188747
152112
192104
190158
185886
190526
178617
190838
171278
193373
140328
197159
166662
198028
125670
131972
155267
192735
175670
161332
188196
192658
188756
99302
159424
191117
137782
191339
105728
181137
124754
190150
195153
184448
167012
195687
144701
190798
159342
190697
186397
170314
198047
125783
124514
192209
182959
173996
149718
156269
172110
170565
177402
192194
197118
113304
109643
189026
177737
166432
160684
163355
187168
192151
176138
131046
87593
158224
171799
182631
180991
172631
128403
143997
111888
145926
157175
157790
198181
136410
119132
163227
190527
199826
155811
181979
125005
194110
180500
195304
174621
116746
194992
197778
185435
198536
145815
160292
197798
177313
189783
140846
123787
158549
191926
119833
146978
190832
196317
195763
188834
198139
68213
116163
172678
181581
194656
192582
197249
199411
197705
180526
199569
180911
198299
196298
93723
158031
165663
84109
114537
134382
197408
80033
189821
180833
173261
141508
140182
188231
172815
172260
181784
82492
196771
185456
141642
171241
171486
179522
163749
175548
144361
131983
164702
177019
170756
193100
148122
191259
185685
182746
195738
195467
181584
124697
178268
177323
106301
158979
177035
167596
197531
176549
168948
195269
198479
189847
188520
193750
163929
166942
198413
169682
186523
131714
199472
199557
88038
171756
197572
194564
180136
175498
183933
155571
133218
196904
196654
141496
190181
186120
198478
156843
185001
170961
131382
94766
156710
179917
171432
135152
187774
195788
190390
177843
169467
151652
104298
177095
179361
160369
151285
172574
133344
147096
143144
143608
65242
194898
163085
174853
92301
179467
178878
121599
180918
100972
192152
125003
199754
184978
196896
175383
193542
152470
143913
191059
177560
188456
165977
164907
187672
153702
138930
197978
177071
145080
181845
125694
163800
135938
195271
183955
192894
144941
199231
190806
161767
175916
166845
194769
145778
194855
197206
172119
195860
195961
154972
182638
188932
82922
186801
172679
189803
164030
134839
193519
151808
187968
161396
183255
172625
181253
188769
171359
177300
198140
193303
109570
143811
178722
192284
172237
181520
156235
195014
168677
165871
104531
197039
165553
142321
180765
189591
196557
197516
194751
185095
181204
173197
190959
187570
180895
124147
137787
148210
167870
121828
185622
176936
179590
196149
188744
199807
183337
146338
194761
175751
186292
183473
171961
181092
159297
189960
141674
185536
183722
198385
187477
182295
159198
189497
195544
168279
42088
170085
187544
143095
189798
162512
59933
170745
184384
142055
160788
197844
194920
125471
198903
116993
195249
196530
199275
133232
158467
78518
181246
87297
168725
195999
188221
188677
98381
189455
171426
195323
160478
156641
176741
197887
192355
164546
183138
63045
166067
189719
169643
182411
140098
194526
175357
143270
186790
186568
185409
172608
151118
177085
122875
190969
195582
191821
159423
195594
154402
104219
176621
193149
191645
189416
173824
175668
143258
58470
93416
188645
179703
152035
174339
190151
196916
98404
160345
198322
117601
171560
197285
92129
160869
188968
193068
183400
189848
193773
118177
170003
160859
181726
182005
30457
186983
197194
160934
145850
177202
180184
165341
162757
148604
190525
193283
183233
199194
188846
189398
174538
189744
188098
176951
129326
160511
124728
7556
134315
179788
195253
170052
178802
168844
198532
181064
159361
166340
145153
177405
173466
173246
156644
198901
162680
125849
199227
194012
173565
188637
185605
179977
101816
151500
151817
198861
171576
188327
173348
183325
197331
110028
120809
160272
159631
183084
191468
169336
192574
169316
194983
170929
158028
126982
169743
178774
196778
150884
186463
190485
174748
131741
194441
199761
194098
179900
179011
199949
43990
131772
196950
195821
181231
176616
188370
179227
165560
194872
189129
177272
198118
197851
186782
192655
185720
143724
161705
177550
187677
150196
187999
192376
196469
190026
151182
191631
134832
158276
197210
169470
97722
193386
157120
173739
188422
182978
162928
151489
173709
95017
198315
156373
191496
188080
152505
99165
193348
199502
154568
169144
183743
186084
113864
193051
151715
181660
194694
113767
146035
151392
173898
105946
197058
161879
139468
192809
49295
174179
126240
183395
154117
171792
186946
187862
136452
168258
193886
148103
191461
170254
196603
182223
198399
198183
199794
125462
186296
162055
143192
188259
166581
188650
191369
199111
193885
181629
178711
182771
185293
177980
190135
177265
197810
150232
162311
138140
192711
174571
151721
189767
168034
152375
199560
194329
151430
167997
177131
199852
157036
72917
162835
147111
187825
188539
189214
125658
114610
161720
193044
164594
198922
161701
141338
199311
146849
160224
3837
196329
190850
109903
141075
179993
115879
194712
143736
162389
144138
135212
166558
95795
170276
186213
194941
132869
186514
183156
34167
180003
196883
193590
198488
191383
82144
195290
153824
191556
196262
190345
134337
195334
194487
195285
140507
88005
108338
175886
194806
112723
82096
143370
176793
153882
136154
195881
160531
192760
195406
122231
197412
186487
101999
182131
164540
165315
176135
199980
114423
11098
112681
126541
199107
173439
193162
127283
156016
165230
191006
189997
179349
193834
126148
164520
142312
199919
170394
196743
178497
162259
136675
185926
197591
190618
87563
103898
106701
173387
195902
127225
107013
183802
148727
105896
169668
199081
195631
198094
168766
149416
192070
198389
194666
154944
129705
196080
148438
197374
197498
178836
116201
157934
112492
190231
199561
131129
171470
168476
145755
183863
63516
197410
98103
179463
188840
186396
194588
136307
184196
147136
76160
129144
168349
195791
101559
140862
104095
168929
175436
179390
194595
137455
194146
171649
97645
124814
192433
168042
192552
174874
185005
198809
162976
197560
151006
155182
198498
120917
168211
182775
181984
198952
196154
10099
98863
133963
173233
184975
186930
158677
154311
101794
172853
174901
115612
164119
173876
143600
162728
139281
161001
195248
177862
199854
180663
191667
194506
185343
184127
195649
36253
195785
179428
172590
151559
175029
199659
182958
183197
135238
139347
171417
147018
138132
197484
177391
146756
143708
178283
195068
182373
196002
181081
183541
150533
139809
186313
127180
130691
190085
197401
183086
183524
153527
186822
135623
186866
174161
101968
187710
195875
163442
197633
164280
158738
187877
199375
188763
176934
198449
149818
75180
161533
126244
187912
172666
167351
158415
197308
189576
176247
176987
122785
129952
191070
196775
196437
183147
195211
19077
179181
198863
149591
195083
119956
193925
174255
198995
116763
180192
186640
132345
154888
190579
186455
196548
94337
152044
173335
86460
170059
172951
183293
134542
149727
148220
167214
194617
175826
179100
180182
178874
156985
183411
159815
179623
114742
178782
163003
192928
138683
190701
128043
156907
190795
186654
106575
85924
199695
195837
173001
150012
120866
195710
73933
177350
174215
195809
146520
144182
175220
139684
189918
120052
179131
153663
64425
194845
194728
184829
195737
172891
197142
184065
159156
166361
173512
197753
173727
49701
149742
188415
180152
197510
198054
155583
188951
189142
183634
174964
171686
164344
198686
142777
123963
148162
166766
190627
124533
191554
197719
192053
190226
197891
191948
180778
162399
98399
183495
163287
178415
160748
185137
154555
195000
182779
165572
160776
192941
136061
154881
176706
193947
196397
177292
192901
33568
195344
196800
181167
145561
191814
153904
194349
158674
195099
129294
191613
198068
117425
170560
192649
192755
192798
172686
188101
170960
113461
190574
194313
193734
172511
197594
149861
155459
143202
174898
190691
199480
188636
143857
171410
166025
170813
189118
192656
188086
159852
198509
193687
192695
137760
196293
150205
177933
151425
165238
192568
191571
195031
197302
194733
178821
123379
166927
154740
180172
182691
191856
177567
163546
171389
191410
121233
193092
123648
184180
175711
185604
175258
177328
191778
176398
196663
193119
188897
125642
198845
136351
197488
171067
162860
192889
114393
164538
198226
167281
194707
27883
159485
158826
189659
53981
188853
169906
182468
194948
121122
196817
183782
149193
163727
198196
98099
151709
193200
140942
104496
189083
167457
182915
186703
192425
193540
177067
182650
194631
152592
168694
195976
194960
169952
178944
193157
188954
184464
119384
148581
167848
170244
160302
108047
186208
153738
141931
151508
175336
193404
171930
181310
191930
172883
143895
161545
163897
182735
198038
166807
117967
135103
164375
198887
187365
182734
139070
128065
166835
190035
187807
189085
187754
177984
194324
184883
155433
139358
181735
198452
195822
195217
196163
110039
194281
151426
172328
187478
160199
93996
160261
176991
188182
190014
137849
179477
199483
168671
195139
184192
143220
168856
160232
134159
180610
190682
176817
157576
183960
164471
195504
173711
193691
172039
197944
180890
199843
187625
178691
119428
187594
148666
162540
169091
194266
186594
154571
174725
163504
198921
192779
115549
149357
167229
160631
166309
172228
179709
145894
192412
145944
190642
193761
154578
119006
157379
185071
199869
160841
169518
191040
158215
180906
185759
187742
196471
196862
155358
152804
160561
193969
67554
186438
149370
177623
145500
169642
186787
179259
195775
187780
185403
194101
195858
181900
181544
178975
166406
114042
188452
173800
177172
171467
101065
176224
199139
191238
107930
146309
108564
180209
165385
143481
132002
192987
189700
179343
180245
198893
153883
192498
109364
198297
175514
145033
189643
184994
169659
187257
188817
186879
165131
165748
144102
85156
167101
184207
178661
194834
162855
134969
193597
181543
134646
185755
167344
196399
183145
163963
144167
174219
192648
85824
184214
183624
185404
197208
187835
189432
193262
198729
146904
22207
189348
157597
186081
174187
196405
54989
160249
191851
180522
170405
177565
185253
167382
152381
161085
158247
134149
160075
148203
157803
196857
137805
138897
138342
195311
174701
167220
180498
82498
141086
185598
175622
88562
184695
164803
197251
180764
171322
149784
198992
180821
171600
165736
153408
131373
171172
191364
175792
167031
147333
183042
120139
162695
180535
187225
143948
170332
199828
49049
151844
174528
101094
186329
47980
90298
141110
194704
138691
193045
188041
152289
170743
139719
173161
151021
177039
194310
189966
179121
174249
184939
185817
198190
198816
194586
198851
199861
198928
183515
189122
199548
184195
135229
84924
124204
197011
134712
122426
196722
166053
198806
191001
155455
159199
190254
103207
195126
157473
192895
145769
199814
147066
161233
176946
164555
157432
195841
191914
156261
158949
123120
156723
183854
180114
162546
132603
181834
178219
155812
185486
145367
198778
141425
177941
195179
176093
139615
150198
185170
138144
183324
167036
192592
191878
142405
199297
173732
154994
173427
148462
196213
164638
193220
195734
199556
83202
137874
150749
158299
101829
154027
105252
131664
167682
174188
73042
174694
176774
192020
160322
197062
160948
198579
192715
141651
60276
191388
187280
194053
186332
198629
195195
195396
183142
191872
171471
184106
58297
160607
193907
140913
198294
199056
174844
157183
190890
188606
67141
146183
161245
153432
123465
162581
195584
88802
167789
139882
193788
141708
192705
173459
189269
149825
166348
192594
146101
180767
175745
198751
176228
183773
126824
139397
109968
189938
167209
181431
175969
174099
141309
187492
129395
132036
196665
147035
187194
197502
123168
196391
197114
198743
184237
33009
162755
193809
196617
188895
192359
196584
140223
156624
170572
189923
193963
164900
183661
186001
196284
195535
184335
170841
175544
175156
180757
159278
192373
183626
172836
136066
183099
185513
182728
133555
159447
175092
197090
198578
148817
159370
182603
158857
194248
174475
177022
146004
169592
182482
141045
167921
159652
193396
176899
199679
193070
144322
194238
190623
160856
110663
184625
192811
140325
174285
177304
108906
190474
194850
187871
196093
190845
99875
79611
199577
159779
168496
194786
175528
112983
154968
177521
153440
159399
164637
137861
192968
199546
179796
183153
186245
53533
114918
192831
191226
194922
159581
176580
145539
194338
181811
197713
183021
190916
180111
196614
137920
180582
190922
199022
197681
194039
195034
191944
190204
185188
197534
101874
193945
159673
166476
132813
134407
196250
158272
191772
190814
183683
186056
188136
153200
190874
196951
85352
183007
190644
180259
172485
163286
184707
117575
173269
199527
196666
188653
146898
190955
182490
177847
136544
185387
151043
170502
179757
175804
178730
184662
192138
151861
98424
167850
195507
112350
170742
196575
175217
197700
179970
189506
139451
163014
181017
191335
176509
189273
150840
166794
194066
175283
178004
195954
159273
158461
166727
195708
143762
138524
173674
193817
167900
151820
182455
177198
157399
170987
194665
183414
127299
185009
166963
167025
181154
183767
138808
143403
160800
178543
192201
156803
185549
186016
138391
198535
154450
196526
194195
148385
167177
56724
132749
179739
187603
186256
177660
185048
192761
128827
194616
183886
146673
187051
195520
159853
188536
119612
199689
198605
184412
126584
13934
187940
186556
140750
194816
167623
189807
195152
3859
194864
182013
192964
154643
168867
193849
196476
136722
193491
199874
168027
161976
199420
168237
199873
195392
160600
30707
185992
194473
129605
136700
139211
198296
180659
161272
194018
198486
190596
124542
198771
151691
166765
25540
140039
193055
187182
187883
195380
157609
116171
163230
177130
152965
187934
194516
181946
154451
176246
185643
196402
127636
185029
193668
192943
185126
143929
161932
184597
178689
140015
195539
180071
198811
198408
177057
180881
154964
185663
170154
173343
160876
169666
197186
152480
153216
195351
185928
174899
188643
177523
191668
186412
197230
178670
169844
148173
179952
170173
194000
169133
183246
177284
164845
125395
159418
193271
166819
166888
179099
197252
175234
133318
194510
197833
134801
48368
139920
150739
192126
185014
142210
187052
193775
127477
199993
192206
48349
171972
138591
153868
197789
179725
139877
119637
199990
165404
155316
193086
182592
151608
186376
164781
90713
191900
139607
192446
128648
191801
144593
135951
195685
199266
193743
161340
192767
189204
197544
196362
186586
198721
134336
134991
194072
199811
186678
173700
197108
185840
174324
198121
161989
187088
145095
175896
160481
83143
194714
175775
197049
199648
192026
143487
171165
138718
50795
179614
197376
185010
192245
133313
160507
190900
182706
167389
184457
148270
187511
167355
153092
177151
184459
175634
169009
191685
166572
134207
189425
196171
197141
136984
164152
194899
195335
8255
179671
192392
138688
192863
176014
184476
140377
130997
130183
199059
161200
194069
174830
144700
125896
179528
171304
88901
191220
177299
188027
187401
194419
170628
65847
184150
165252
158170
28333
133415
95782
181325
154024
145558
188377
192105
185056
180613
186390
188123
169811
123059
199324
190100
163875
198089
176240
198064
190094
137015
126060
190534
152437
180076
192472
197100
199964
183942
196058
194890
175569
192925
184143
194244
189962
152938
150499
181987
190520
140462
142908
162043
158195
191399
177622
191537
141780
175201
199882
143099
195023
175470
174347
160696
193088
182829
186692
156831
157600
153760
177895
195705
168247
138655
196022
170710
172551
194094
95154
198945
160048
176028
177906
188253
114794
192645
176038
177422
192969
196023
192721
152163
171213
198872
84896
160929
155402
188224
164423
154651
184238
161563
199308
135672
195339
164162
179403
162580
176105
174341
193806
190376
129553
187670
192841
194090
184173
194977
81600
180602
197696
197511
187776
167005
193636
169808
184885
162687
107851
189347
139860
187951
188616
197392
150293
178516
192369
197551
199806
199487
194011
167597
140962
153129
177231
192565
194729
193903
188880
159901
196421
189288
182488
199934
133995
183397
190970
189391
146703
153866
143932
197079
194810
193120
178629
192226
122593
183706
126558
124962
170256
189608
169706
192834
87512
176682
198000
90465
165700
91936
183769
161674
147427
193454
131197
130863
197450
185601
162876
103778
179219
193076
185841
87068
159621
193911
194750
177555
110888
129576
188977
162571
100141
188150
120992
94717
199923
178236
198810
194450
164305
181925
192452
142460
194097
191566
199463
173946
179119
183015
196220
159699
188354
150004
189126
169938
149929
193818
181413
170364
197800
198477
154394
195676
165907
158303
166782
199088
173857
154873
165567
155486
193614
175800
170865
179979
147130
90764
162768
197290
177854
177931
194664
145995
190023
146489
185767
151316
181877
167488
164846
94808
173264
170797
101073
141945
187034
139631
165543
194843
184112
135225
179669
106683
188449
196112
196043
168159
199320
160660
193877
161019
189834
167057
37205
157180
186480
193478
198358
175428
193646
128208
191395
186232
151991
177652
148644
194621
157904
152438
171992
108195
193057
179885
172985
150605
194773
178287
174671
199849
158489
120702
182968
194220
189742
136489
149449
153383
163784
134453
190409
181658
180994
191870
160537
199859
82476
152464
116569
124574
197424
196865
156349
185519
194276
192988
104776
39469
160296
99577
162316
193904
188723
182727
154976
180596
154413
198202
184774
195337
184741
80454
195184
198890
178125
198456
124928
176835
117531
180955
131651
145211
182323
178533
193670
136352
192923
132746
111447
184935
44523
159505
171521
189173
192128
180831
195543
197423
90101
177474
186752
169474
176129
199326
191873
182617
199891
166542
187413
177069
142587
183376
177116
171313
195810
164547
189067
186587
195678
78848
88835
180244
154254
151240
198906
190282
189332
191888
121135
166902
181840
194803
166956
169636
199196
152184
183137
184497
175701
188314
198795
154077
163180
168531
142416
193637
127674
193902
165144
178563
183506
169548
152779
189987
133430
170011
188357
166200
189414
169251
190287
162722
16552
197098
189388
165229
173166
199610
85615
165296
196192
183652
188000
129018
174473
197105
185425
160692
146272
197897
189810
196369
178811
162315
197742
199698
175630
185055
164101
160739
181667
198857
194765
197970
179006
196090
194451
177945
149473
101766
165162
179334
175391
187177
159451
188604
78017
199132
94523
183171
194623
193623
194464
163337
126286
190923
131557
182249
156414
168963
170926
186770
160811
158801
192234
145422
143834
130669
97597
141101
133920
142218
185219
193924
190185
158221
190450
146067
183484
191357
183889
154289
129729
196943
194469
154440
165456
118586
175633
186133
183178
178499
162473
179240
188845
156637
174159
98063
182079
162363
190501
184976
186904
155432
186236
172229
192997
179405
192591
147227
129442
199109
195365
199872
168206
189827
155820
193181
182670
121829
197245
178659
191722
160394
177416
162831
194549
175515
153232
197023
196976
194298
188707
125307
182816
172497
11408
188023
194892
101596
173686
194722
170401
185806
159124
180733
138503
142684
184937
196746
187398
171655
192675
160865
186599
173901
167461
195276
114727
135639
195930
190815
197435
176017
186873
81501
151628
187061
181124
120218
196410
197790
158608
151598
191103
186516
199186
199090
199319
155071
168644
122973
104630
124743
164855
179874
155561
178788
174927
30625
190537
181832
170633
153635
56071
115515
194391
157352
184792
182677
145140
183993
197416
172602
80795
182283
173332
175879
196969
186417
196434
75047
194928
191010
189423
128772
188336
176304
182980
153732
171138
153180
177260
189471
191021
141292
199783
160314
105785
156995
191078
162226
180191
180108
155066
183809
173006
196657
81155
154296
162812
176046
176775
70135
155934
95716
184886
195187
79591
169513
65929
190718
148746
48039
177121
184046
191883
188057
171704
166711
192661
199465
198432
192057
192857
182377
63361
146246
177005
183472
158524
129064
191730
157988
190046
141065
156380
56374
143639
199153
185072
181537
122965
183088
173147
178773
172697
183332
189092
194093
130404
191664
168655
188698
179957
160343
170963
195773
176608
181255
141319
57662
168821
170380
172820
169962
168524
177696
148890
153859
183983
186421
130359
178508
74549
171033
168148
180571
165894
118837
192914
166596
193409
183029
193738
121606
153003
189208
186571
149218
182876
163913
117162
160118
169366
149280
56939
187712
151351
179374
196525
145468
181529
172612
111336
198340
191338
135573
181286
174197
195995
168980
174518
179936
85517
87367
185478
184297
188015
179325
176023
196694
147102
143531
135673
188187
194926
193876
186326
180057
193196
185724
96124
198505
189185
90188
170245
190102
182319
193710
146771
199615
154152
121981
193166
142878
199534
196734
153132
160380
197575
196148
195309
170994
41606
178947
170005
199309
95071
140348
198645
150912
91564
148990
130236
196637
179923
196054
195352
84933
169436
161855
172201
193448
197453
103569
172349
157301
175282
136531
176470
160595
199313
166101
159315
96927
151476
191989
191987
91544
136279
166213
132528
171936
185344
166193
157365
163426
190081
179129
158614
166140
177657
143042
187557
78527
165740
181054
158938
198293
179591
199361
187145
177878
193506
194151
146152
197923
168684
170683
195639
194759
130208
182506
135442
151433
185716
145571
169490
162750
164811
141273
199748
194245
157349
176071
165276
198770
179301
193418
154882
54319
189362
170740
116816
182280
162139
181887
38395
155619
195589
196536
178214
195917
199878
166846
187555
168587
199521
172860
149301
197875
183504
169405
140969
180709
196445
104934
176502
195228
171063
178566
187649
189307
189523
181951
144844
198453
66500
199928
194191
134019
198440
198426
163405
193950
58118
180128
192533
183844
170688
112335
177031
100448
180388
116172
127150
177302
189891
178471
194239
187880
164205
185448
162602
187295
198134
189645
152687
197406
188183
182107
170829
188490
187418
171252
174142
167251
113803
163671
158505
192800
141680
189231
115121
152582
181268
182027
194159
195854
195596
163450
190943
184153
150526
49762
183931
130261
163694
148755
199055
153153
143841
159710
195819
180667
195743
196658
125172
181783
144024
183903
158874
195931
188092
178647
190663
161243
172352
128713
165656
161868
181559
140166
177557
197703
141650
197074
185811
105390
148008
170148
196909
162745
186092
161762
186239
166378
116840
187864
199030
161590
43155
182175
151206
196376
188736
181143
173345
190699
190974
173090
193080
80491
199397
188676
144074
183884
183186
198326
198490
158423
194292
169368
196026
148824
167734
181424
145941
169066
109738
173882
190059
136376
105066
197093
152772
1685
149716
129464
165288
140012
181606
175995
150697
149582
189565
188432
145072
156051
176626
180005
197634
147073
113130
183971
161508
179849
168261
176739
192511
180958
181614
196451
182714
80704
183060
176433
168132
142017
148455
176397
166456
188345
184923
189975
196618
197480
182863
110592
163834
193172
137521
193122
191790
172490
192056
151442
197547
130545
184468
95865
158373
185168
145644
187861
187821
174982
44307
5654
169729
154799
62536
191795
170495
158088
95249
165865
147043
196764
95090
122751
178057
192950
131249
195338
164605
157060
128122
195684
35714
174620
193899
183513
185289
182470
189890
185793
193520
197683
195327
190401
187788
136084
121931
150625
189757
125818
175706
193034
191413
23304
174226
180093
189374
171367
123810
186754
199265
165960
192786
129087
169958
169867
177491
173276
182075
160212
187285
147665
181604
131362
191908
195273
77359
180477
179738
180887
195753
174523
187366
122941
168592
191703
177344
192980
191299
170042
8901
198349
164838
181177
172292
185765
164658
110322
196108
66478
142795
197757
195777
193300
195872
182300
198684
123922
135116
141096
144819
187956
146504
172297
189073
193155
196357
187354
175403
105529
188228
164432
132309
197415
81003
189005
183729
164936
173040
155018
186299
157842
172167
124504
174372
194857
191268
188317
163308
193677
195417
145933
118777
178029
144831
102815
186691
193015
142632
174114
198158
194410
188492
186039
161941
128730
185227
150880
156548
140956
195442
199392
175605
174624
186082
104940
165927
153962
185619
163147
181486
185823
157651
196874
152736
184352
171989
125185
198229
190421
174193
80113
135879
176306
191965
152310
188137
165426
199501
185244
148623
174883
190860
129816
197338
196597
194129
124054
177549
165684
196253
197226
187680
117612
150143
190606
175614
189711
187692
192378
181551
189570
162775
192601
183336
174364
159800
193035
128129
173650
118367
183439
155935
174764
187809
154411
167810
194103
199447
159210
197958
165430
170141
198162
192881
115027
196991
177199
193862
181611
134113
175278
49989
189822
49880
197497
189446
149531
166972
169468
118727
116131
165009
195787
185976
69665
188512
179954
182607
184920
168863
