10
50 50
2 -16 79
8 -21 54
8 -1 3
1 -7 47
5 -20 89
1 -2 47
2 -10 26
10 31 28
2 -16 37
6 -16 44
2 -8 100
3 -26 65
3 -6 91
10 -33 56
2 -7 22
2 -12 74
1 -3 7
7 -30 51
1 -4 8
1 -10 62
2 -5 5
1 -3 38
7 -32 57
4 -24 65
1 -8 97
7 -28 71
5 -13 71
2 -14 49
6 -33 100
2 7 69
8 -22 38
5 -23 88
7 20 57
7 -11 83
2 -10 17
5 12 25
6 -13 22
1 -4 51
4 -10 14
3 -23 57
7 -6 11
2 -8 10
2 -15 78
7 -25 83
5 -16 28
9 -53 85
2 -17 86
3 -17 75
2 4 54
6 -28 51
50 64
2 -8 52
9 -21 35
1 -14 85
1 -8 21
2 1 96
4 12 72
6 6 41
2 -14 32
2 -5 79
1 -2 9
9 36 71
9 -51 100
2 -14 63
4 -25 94
8 -17 34
1 -12 91
1 -9 62
4 -14 66
1 -2 22
8 -26 58
2 -15 68
8 23 91
10 50 97
2 -13 70
3 -2 43
2 -15 63
1 -16 72
2 -19 96
2 -20 91
7 -16 98
8 -29 81
7 -24 24
3 -17 67
3 -19 63
1 -10 82
7 -19 43
1 -15 85
5 0 93
3 -9 15
7 -47 92
5 1 41
8 -21 85
7 -32 42
1 -17 86
8 -19 26
2 -11 86
5 -20 65
2 -6 83
7 -41 79
6 -41 82
50 10000
1 44 7345
9 -341 5928
2 -175 5435
2 -192 7189
8 84 9801
1 -64 1509
1 -128 7109
4 -174 9665
6 2 1329
6 243 3974
3 -234 7189
4 212 5941
3 -258 7243
2 -41 8382
1 -142 8960
10 132 1439
1 -58 8183
8 -34 9038
1 -173 7539
2 -95 7150
6 441 9368
4 -89 6582
6 -83 5234
4 87 8932
9 -233 2413
3 -67 1540
10 -303 5508
2 -145 6232
4 29 3934
4 -185 4214
1 -66 2316
2 -21 8911
9 -520 8136
1 -80 6737
3 74 5151
8 221 6871
3 137 8255
1 -76 8328
1 -134 5806
1 -34 551
3 67 8070
1 3 7555
6 -305 7716
5 -226 8400
4 -252 7735
1 -126 9288
8 -268 6264
5 -68 3769
2 -61 4160
5 -199 9355
50 100000000
4 -24588311 7119243200307645
5 -43358072 8057015845113118
3 -43590454 7383874587190274
7 -75374820 7113603036806462
1 -31555085 8886365596707035
7 -7260979 7509551316068936
5 -15890893 3414924493865256
5 -86732976 2018579284567361
2 -26296745 364243332044017
7 -62936419 6576163125473640
3 -97706811 8087844682343282
9 -33430178 7717449320838674
10 -39713353 1507706404131792
2 68438977 9352279746613340
5 -70738257 5818704581851375
7 -69627311 7154612781528024
7 -73370092 1693747799149247
3 -52583183 3358967374752033
7 -67149020 923769812551396
2 -768447 4284841323339051
9 -69436953 4071930052224486
9 -19675074 3869464951983960
10 -41374413 8620450860206897
10 39226337 3384809617924455
3 -8274141 9640748165963113
4 -14517007 9887135519022829
3 -66785086 6515021922174339
5 -74130190 8125168136008727
5 -78375648 3001781277626922
3 -26334743 9625889787310258
6 -94441641 3360248732799885
3 -83446393 1764730542248198
9 -72270828 9037280575467537
8 -96544283 9276933870618021
5 -81637543 360181948119434
7 -39109622 7346017797989154
7 49519943 6803601856313071
4 23263888 9623644600833778
10 -4455517 8133122123651611
3 -47329150 7426247613839818
1 -51372932 7611095022331951
9 -52889345 5410137633037838
8 -51238899 1115310639871948
8 -88403922 5302791353008414
10 -46698554 7941368559921898
2 -21009149 7183040027166102
4 -47120073 7820215284642836
1 -57988080 5720277629499502
1 -37238870 8712279009897715
4 -76476022 4952706238955983
50 100000000
4 -70529315 3556024536294959
2 -78734084 7817953314557348
10 -3643990 433779812844262
2 -90439959 6521371172209371
9 -28772154 822320711206953
10 -12587151 8152550610997618
5 -77339047 4651044488220326
6 -75703333 6180445300671057
4 -10406158 5675835449922423
10 -4925325 2869847251005822
1 -59350647 6945345377117689
3 -70626535 2539595040063750
8 -65459976 5378364685526068
2 -38010611 617938429867310
2 -30112730 7291229591492138
10 -13993047 4473022863531322
4 -94514718 8737827866554089
8 -742420 1034915609554806
8 -4792900 2457325120078780
5 -64514931 6469083898998299
9 -18227410 221798075166636
8 -78274329 7325554669814566
3 -99693279 9100361759663182
3 -54576098 9081896154316815
8 -1391283 6044468969300843
1 -44139088 2199687748801240
3 -98624183 6708431501834662
5 -36875350 7910711006755581
7 -10362812 3711530493591012
2 -90077600 8385477298871421
5 -85605385 1001920646752273
10 -35446761 3539951192254496
1 -16691625 1947707837225668
7 -40946396 5199685959134792
8 -4714941 1848255975443221
1 -58356208 5386056200717946
4 -82066907 9333610885740441
8 -89586048 1070918958821489
8 -36401416 7201404410604189
2 77053403 7309219162501404
7 -21220300 4610284954753851
8 -59898385 2680400606115531
8 -35483085 2599535303739432
4 -85179278 2981099714350682
8 -12977657 3673144929285803
7 -37040670 1039178350766466
3 66494692 9556193000341786
7 -34181766 6102463170912037
5 -35802187 4770228341265136
7 -15084802 5118857358659899
50 100000000
4 -47060872 1496605640768299
10 -33554993 1685101748989203
5 -96768154 7897637825330980
8 -33303489 5615462646884332
10 -48890231 3969578159087611
3 -98357802 5441674550225541
9 -90772267 3452702693270424
7 -950308 900960013594736
8 -41577557 2732752287527269
10 -97477301 1126765533546433
10 -47768241 9336985912039915
7 -27159359 4872177841896472
5 -35552958 4973820159054375
5 -3601330 8046009534638905
4 -85587667 2956288052158055
10 18918752 18661198091713
4 -23475266 7853531729107886
7 -39394380 2257195501280390
7 -17135507 6093247960535488
5 41278391 5705285076404061
8 -51757012 525816308719273
8 -92288624 6900077238899633
6 -48122850 8446403250857100
2 -40080299 3409364656056755
3 -69250419 844532792764898
1 -90180572 6830664179292617
9 -64052919 940139153757958
10 -36694785 1765244481602096
6 -62662269 1826559508347716
1 -48942180 5053208742868432
10 -86033875 2429305942312028
10 -45693537 7717239111265923
1 -38121481 6507047426969739
7 -34551 713560580806404
9 -51245476 7347456703176983
5 99908691 8451060295384865
5 -29912001 595574004516045
4 79385782 645476020652637
8 -35758221 9036255772837845
3 12857742 6041297425352248
9 98156039 9934455501513143
6 -33861469 3212133907122445
8 -37976449 8112263943538560
9 53955572 5754335323939085
7 -98239078 539012588620090
6 -93335938 4796505575929728
7 -78753401 2794253989939304
3 -85709890 2703823209443567
1 -93021151 2628717317275174
2 -77260250 7887297470845938
50 100000000
10 -80006585 1746580664078366
1 -51880994 1845691355755622
4 -26030384 9922257646647632
4 -20061047 9415455006241105
8 -33190098 7016132299503381
9 -413003 2922055772327141
6 -34884729 6561416844513181
7 -51666360 5197262164184951
1 -75236074 5293612876138419
3 -57129865 6851495630396867
4 -94644704 6642734133870850
5 -60782551 3105825051634657
9 -31497859 9001212503160535
7 -19865895 1983034829619846
7 -78308219 2987264537377298
8 -72560343 457808753978440
9 -3764842 6268468016977678
10 14661223 7293944665371917
2 -38595004 2707702804009310
6 -7384499 2991781223920548
1 -45343771 4323440599828729
7 -63273562 6453382880305022
7 -1405844 9385094526494614
8 -43135325 2415043936368902
10 -53041672 6846186935329894
4 -25313487 7389940105911552
4 17936333 5180498681789676
5 -39042615 9529757949600061
5 -67396475 9108322698715444
9 22955092 2667745252284622
10 -47994429 4391181980534695
2 -10040444 640356813278432
3 -33181611 6800280105829757
6 -22729561 7351311196964790
6 -28981886 1822286485296856
1 -83258261 9295278393313243
5 -86018974 8407995794807896
5 -67320944 7956984842536725
2 -26556560 989083329947950
2 -66643850 9287881201687660
9 -91570670 2857111148656202
1 -14376896 1467283714737706
9 -32943846 4532475013617565
9 -8602096 4709718519796709
2 -72039277 9024798075009530
5 -30310395 8243078816530072
6 -16028491 7719949853668975
6 -1700121 1709063202440004
9 -81810646 5208353669489547
2 -31538508 2102642706100190
50 100000000
6 -60000000 1713062917499999
5 -50000000 7537648080797177
1 -10000000 9322909181016426
10 -100000000 9122526272967484
10 -100000000 1026638651567675
3 -30000000 4220122762159952
6 -60000000 6848892706922069
5 -50000000 9363065477577665
10 -100000000 7741414148645351
4 -40000000 8282793423618283
8 -80000000 276744636239176
6 -60000000 7940720019759957
9 -90000000 5519371678560652
2 -20000000 9126327556931675
3 -30000000 8464731642800266
6 -60000000 491408412799111
3 -30000000 4211365551096184
9 -90000000 7263651858571292
10 -100000000 7392617784417076
7 -70000000 8370531774574809
2 -20000000 8883174265348696
3 -30000000 4663565070382149
9 -90000000 8250086090147025
3 -30000000 1562374921855553
1 -10000000 2461824433406035
10 -100000000 1141961433481433
2 -20000000 8525798422443585
1 -10000000 242647705234194
1 -10000000 6645126615051963
5 -50000000 9879678149414942
10 -100000000 8339258150691166
7 -70000000 1627124733086958
6 -60000000 6851845557646598
3 -30000000 1692599552703991
8 -80000000 8663688246384191
9 -90000000 8659762644963521
7 -70000000 6227089816927431
10 -100000000 1952517272088699
10 -100000000 3358218591003215
10 -100000000 5560427633193452
6 -60000000 4524282219554637
7 -70000000 3967051618588250
4 -40000000 2577193334105419
9 -90000000 5637083858661076
9 -90000000 1442612786171920
6 -60000000 9236096933207241
8 -80000000 549468807055489
7 -70000000 7567104959466278
8 -80000000 550802747894872
1 -10000000 6563007516136406
50 100000000
7 -67991644 1655815042337348
2 -19426184 6588714601735497
4 -38852368 7154619893827938
3 -29139276 6656816564451968
5 -48565460 2858162640487770
6 -58278552 1626918142213461
6 -58278552 141758693989122
10 -97130920 806010794078796
9 -87417828 624922057077074
9 -87417828 2220221824710950
5 -48565460 3340921243208622
7 -67991644 4048416166721567
5 -48565460 6869090372802716
3 -29139276 3564471415123131
5 -48565460 832161117718956
10 -97130920 7266716499592559
2 -19426184 4439267794680857
6 -58278552 7817167007560156
7 -67991644 7998586230094207
4 -38852368 8877591947013654
5 -48565460 2305475641069119
5 -48565460 9787292997602686
6 -58278552 8912667198428514
1 -9713092 129830100507927
2 -19426184 5808641877271467
2 -19426184 6695888359455594
8 -77704736 4757060068953972
1 -9713092 413275742108932
5 -48565460 539391772234024
8 -77704736 4168994165627904
5 -48565460 2131197511452274
3 -29139276 1276948202257561
6 -58278552 4066134183208469
10 -97130920 9131692454123741
5 -48565460 5268996771688121
8 -77704736 6466988082607779
7 -67991644 8339394238118307
2 -19426184 8105439897777031
8 -77704736 2705244287887150
4 -38852368 9509278093207481
2 -19426184 2830901582166938
6 -58278552 6184860472060527
4 -38852368 6210151161366172
4 -38852368 3828152956605763
6 -58278552 963570009340748
10 -97130920 8129416200114610
3 -29139276 2906711469065451
2 -19426184 9848653608379469
2 -19426184 6488503985891473
10 -97130920 7085576206168715
50 100000000
7 -60526662 9527528530819194
1 -8646666 2668693988909302
1 -8646666 9243027964557160
3 -25939998 7513697242856483
6 -51879996 8272901759058432
8 -69173328 2474211969443092
10 -86466660 2319649492576875
7 -60526662 9908269309818007
6 -51879996 6228207758409383
4 -34586664 6920012739172368
1 -8646666 6141024412633563
7 -60526662 436887489833210
4 -34586664 2941304290517664
5 -43233330 4054958424203482
3 -25939998 2992418523415332
9 -77819994 748891057624717
7 -60526662 7235920077328874
1 -8646666 7529988565263733
6 -51879996 4560943509183555
3 -25939998 5195601961709149
4 -34586664 6673571061364101
8 -69173328 9013599999612119
7 -60526662 1331500210099614
7 -60526662 4599461678218925
3 -25939998 7974145571971191
4 -34586664 2714514572224154
2 -17293332 8330308498849143
9 -77819994 3030989274479578
7 -60526662 1146493704809370
1 -8646666 2521834131849396
2 -17293332 7038071437423436
6 -51879996 9957239521580914
1 -8646666 5663770938219165
3 -25939998 5866665846217885
6 -51879996 4874741728092801
1 -8646666 1120117809972582
6 -51879996 6656305853354234
2 -17293332 235168130138334
5 -43233330 2188033007407738
9 -77819994 3702804414198885
8 -69173328 7654651197017642
1 -8646666 174730326432500
4 -34586664 8831004076420442
5 -43233330 6078982952081334
5 -43233330 7319696026534390
8 -69173328 5465515071955521
3 -25939998 9256607856169562
9 -77819994 3606581053043755
4 -34586664 6719285268010897
6 -51879996 5351724828729906
