10
49 50
31 5 98 65 33
49 18 40 27 43
5 49 65 76 60
15 14 88 82 20
35 75 94 62 15
38 33 42 92 6
38 12 92 12 73
38 85 92 15 4
44 30 71 33 0
16 51 82 19 21
12 89 71 14 8
33 49 25 71 65
19 76 23 51 9
32 82 99 93 23
26 24 49 26 12
32 32 19 23 15
40 12 14 53 84
41 99 9 89 95
10 56 53 77 10
17 1 10 82 93
12 50 26 65 34
38 51 100 14 43
29 4 48 39 47
39 11 58 92 57
48 9 72 59 89
28 19 64 63 37
13 75 17 3 30
41 57 60 46 55
36 65 37 58 85
25 88 30 92 87
15 78 96 74 29
40 10 64 74 10
14 97 82 15 35
25 83 43 54 13
12 23 85 28 56
32 7 8 70 25
29 20 3 4 35
47 72 22 30 47
38 37 54 11 92
11 69 46 48 9
36 8 44 83 31
48 16 89 43 72
40 55 74 33 79
26 57 39 9 72
39 43 45 92 76
28 96 73 41 34
16 31 1 28 78
14 82 72 57 19
21 97 64 68 10
50 49
34 21 83 7 3
37 77 4 18 12
16 98 86 26 80
11 4 100 74 68
18 64 80 8 39
21 87 16 34 22
35 78 95 5 24
18 94 52 45 85
34 78 3 21 88
18 11 30 23 84
32 87 49 1 20
36 95 90 43 54
35 0 46 81 24
32 49 45 44 81
21 45 29 17 48
18 96 43 46 99
13 34 7 69 12
20 7 94 15 15
17 11 22 7 63
31 48 20 34 22
24 31 93 1 80
10 36 11 32 83
12 85 39 49 27
18 95 0 56 74
19 31 96 59 18
36 71 48 35 100
35 83 64 24 69
40 41 1 13 10
27 73 88 16 98
34 39 96 44 8
35 1 8 52 0
16 20 79 31 6
33 4 31 7 10
36 81 1 65 76
11 72 33 65 16
33 21 38 22 18
27 54 56 77 53
38 9 85 12 41
15 52 99 67 22
28 69 2 34 84
25 55 55 97 49
13 97 100 84 0
31 1 63 74 47
26 3 15 98 58
20 71 43 34 8
14 72 8 60 67
33 42 15 100 8
10 15 94 70 43
36 14 29 78 85
37 82 20 18 26
48 50
28 23 36 88 57
28 13 48 43 25
21 68 38 50 52
24 91 42 13 79
24 59 1 51 82
26 58 3 42 20
29 73 59 40 40
30 88 29 88 7
20 82 3 6 72
23 88 20 98 74
28 13 24 30 32
29 76 40 73 1
27 21 74 16 62
20 69 69 85 83
30 27 73 99 47
24 77 21 45 65
28 26 89 80 10
29 21 53 54 62
28 97 88 69 73
23 94 18 93 68
27 65 13 22 23
20 63 25 21 45
21 32 91 87 66
24 83 20 31 75
26 88 52 29 57
26 71 39 36 36
25 66 44 25 15
26 37 98 16 27
29 9 20 73 41
25 94 96 6 67
22 17 2 26 13
28 91 27 5 22
26 42 36 67 76
30 63 52 77 41
24 86 87 4 40
26 54 21 43 72
30 59 86 99 20
30 0 72 44 93
30 0 1 62 9
28 17 21 53 0
30 73 88 58 38
23 53 33 40 88
28 77 72 19 32
30 6 25 49 92
24 86 47 42 25
22 38 66 70 91
24 43 52 0 38
25 28 38 23 4
50 48
27 88 94 13 33
28 77 1 15 86
25 47 4 50 74
27 68 41 80 9
29 36 76 94 21
26 76 22 85 77
29 6 28 12 33
25 3 62 86 57
28 1 51 16 70
26 40 89 31 26
25 27 99 62 69
30 0 39 62 13
26 6 73 39 8
29 43 38 53 89
29 97 26 40 90
26 93 25 6 81
29 17 54 50 47
24 8 10 21 7
27 58 5 97 22
27 99 94 64 26
24 13 45 18 0
28 43 50 78 25
29 59 41 16 18
29 39 29 32 71
30 99 6 62 55
27 0 73 46 58
24 73 98 13 28
26 55 17 47 39
25 48 53 10 100
25 53 12 4 92
26 88 16 92 34
29 29 87 25 13
26 34 97 90 41
29 80 45 18 49
25 85 3 91 13
24 95 24 6 13
29 47 11 92 55
29 60 47 97 49
29 10 52 93 98
25 35 80 72 61
24 54 91 87 50
30 52 94 71 11
30 17 64 99 75
24 61 55 79 74
26 55 87 23 35
30 10 70 95 36
29 5 82 68 75
26 100 75 66 56
28 27 81 56 63
26 12 67 66 45
47 49
30 19 94 12 97
30 44 80 72 51
29 31 38 51 86
29 53 41 11 96
29 96 50 31 64
30 8 77 63 32
28 2 56 98 89
29 96 86 54 6
28 89 11 71 28
28 85 46 100 77
30 10 82 9 75
30 10 41 62 61
28 100 12 73 89
29 52 18 5 78
29 24 47 83 38
30 47 16 50 31
28 21 38 54 67
29 71 86 36 55
30 72 64 34 67
29 33 83 56 8
30 26 2 77 94
28 67 14 28 89
30 15 76 12 63
29 85 24 1 71
30 42 77 38 55
30 21 6 87 21
29 11 36 55 100
30 31 96 56 82
30 82 71 69 44
30 100 5 56 17
29 74 47 56 64
30 67 97 64 93
29 36 74 54 27
29 97 17 0 85
30 89 55 33 17
30 67 23 4 89
28 68 2 55 88
28 13 93 83 92
28 69 60 97 56
30 65 21 32 85
30 82 39 4 10
30 89 53 68 8
30 85 54 35 30
29 9 70 29 84
29 36 3 33 77
30 50 93 31 23
28 13 29 54 79
50 50
1 87 88 25 54
2 59 60 94 28
3 22 83 53 36
4 88 29 46 11
5 23 73 47 10
6 99 88 51 81
7 6 37 95 61
8 63 14 49 46
9 0 59 24 33
10 32 39 93 89
11 57 58 9 94
12 83 82 1 36
13 0 94 72 55
14 80 74 70 60
15 1 89 74 32
1 95 54 16 50
2 31 73 58 79
3 28 33 9 92
4 26 50 41 39
5 26 2 16 4
6 26 28 14 10
7 30 1 90 5
8 29 35 44 88
9 4 75 74 72
10 23 58 40 48
11 50 76 10 49
12 87 66 87 35
13 5 69 33 1
14 68 12 5 50
15 53 5 71 83
1 39 39 94 88
2 54 82 23 94
3 48 2 2 20
4 8 57 16 47
5 96 3 7 70
6 23 27 24 68
7 33 23 8 19
8 35 23 16 57
9 79 83 85 74
10 95 44 48 51
11 4 86 57 53
12 0 60 69 69
13 84 81 18 5
14 40 50 11 98
15 37 72 5 14
1 37 50 1 79
2 68 94 75 12
3 54 52 25 10
4 40 29 31 83
5 37 19 34 76
50 50
1 32 38 37 100
2 32 27 67 47
3 18 88 87 6
4 36 14 81 17
5 68 12 51 95
6 0 63 53 37
7 95 53 49 60
8 37 59 93 18
9 85 9 7 76
10 53 13 17 28
11 92 76 44 58
12 12 70 69 13
13 31 60 74 100
14 43 49 69 22
15 32 75 83 71
16 9 45 92 87
1 40 44 41 16
2 77 9 30 51
3 64 52 62 53
4 11 63 15 20
5 48 1 41 85
6 95 21 66 90
7 21 15 11 22
8 33 30 48 89
9 23 49 31 45
10 42 42 37 71
11 95 87 13 37
12 59 19 32 91
13 45 41 94 17
14 43 90 92 69
15 2 8 96 31
16 69 61 7 73
1 26 60 24 4
2 5 27 46 49
3 58 28 65 50
4 64 98 44 68
5 82 59 40 62
6 83 54 46 46
7 50 100 9 85
8 24 58 31 74
9 59 72 33 54
10 75 85 77 57
11 14 91 3 5
12 58 89 93 6
13 60 23 24 76
14 83 42 62 10
15 54 17 25 57
16 60 85 89 15
1 95 83 92 84
2 8 81 70 22
50 50
1 28 98 16 18
2 71 93 69 14
3 34 38 64 64
4 65 63 54 48
5 14 73 48 80
6 81 53 65 16
7 81 75 2 29
8 13 50 45 7
9 30 84 24 3
10 94 56 4 20
11 8 45 46 85
12 76 73 60 42
13 62 79 5 98
14 95 85 13 25
15 63 57 75 30
16 50 45 64 8
17 86 89 45 89
1 86 65 86 7
2 22 15 30 99
3 74 88 0 34
4 52 15 92 47
5 52 14 76 43
6 64 72 37 56
7 0 8 9 44
8 46 32 99 39
9 47 81 99 27
10 70 40 84 59
11 46 36 82 79
12 98 37 62 52
13 16 94 7 8
14 45 53 70 17
15 72 48 89 70
16 54 62 63 73
17 57 5 52 2
1 38 75 93 15
2 35 40 98 20
3 92 85 16 35
4 54 52 91 58
5 79 48 41 30
6 15 28 97 25
7 6 33 6 16
8 66 65 68 88
9 57 11 38 54
10 78 99 31 46
11 37 44 78 86
12 55 24 5 50
13 23 43 22 35
14 64 94 24 72
15 10 78 49 71
16 38 85 68 27
50 50
1 63 40 77 15
2 58 89 37 42
3 23 92 9 21
4 25 63 18 38
5 90 37 84 32
6 61 4 52 89
7 6 5 85 16
8 4 15 100 59
9 49 78 67 92
10 0 57 57 56
11 69 99 41 89
12 23 71 80 55
13 56 74 68 50
14 48 52 59 79
15 89 83 96 66
16 67 18 14 54
17 89 6 22 40
18 63 42 71 90
1 14 29 67 53
2 7 51 7 61
3 94 63 99 2
4 88 54 25 13
5 19 97 57 38
6 79 47 62 42
7 30 55 22 24
8 71 79 96 72
9 34 23 7 5
10 48 84 7 32
11 61 71 77 89
12 35 64 35 11
13 50 55 86 20
14 34 94 43 22
15 68 75 91 11
16 3 42 70 21
17 36 15 13 18
18 58 38 91 19
1 75 86 99 14
2 73 0 64 41
3 9 56 84 19
4 43 70 62 99
5 76 56 41 75
6 22 39 18 6
7 21 75 53 73
8 21 6 34 10
9 37 67 90 29
10 23 41 15 93
11 59 74 74 68
12 44 18 53 77
13 53 99 45 92
14 87 42 5 18
50 50
1 68 59 68 32
2 81 0 57 53
3 34 35 91 8
4 76 30 74 37
5 13 47 86 7
6 31 72 85 26
7 60 31 15 41
8 12 54 94 39
9 4 23 7 31
10 94 9 30 69
11 45 90 25 26
12 14 20 51 68
13 61 60 94 67
14 71 34 86 100
15 68 53 89 90
16 66 62 78 83
17 28 85 73 97
18 47 41 75 64
19 74 87 96 91
20 32 71 59 6
21 6 67 61 98
22 62 19 2 28
23 27 65 94 99
24 19 92 31 59
25 56 29 5 38
1 2 89 46 63
2 65 0 4 42
3 41 78 53 70
4 4 48 0 4
5 40 28 65 58
6 3 43 40 70
7 21 37 18 23
8 91 9 45 5
9 11 74 24 96
10 7 42 69 6
11 85 43 6 89
12 66 62 0 6
13 74 14 96 72
14 25 64 31 64
15 53 36 97 29
16 17 28 44 93
17 18 92 69 18
18 67 100 5 27
19 54 49 21 39
20 71 85 58 4
21 6 74 71 42
22 46 57 35 97
23 15 7 68 63
24 77 36 34 30
25 30 12 43 5
