1000
19260817 19491001 -1282519 27372127 25331959 10448447
5 0 -5 0 3 4
5 0 -5 0 3 -4
0 5 0 -5 3 4
0 5 0 -5 -3 4
4361048 -23884 3047848 -3119284 2359628 -3667624
7330223 -5234434 8631649 2574122 5079958 7438111
6200041 -7355903 1741441 -9461353 5988967 -7528751
9091382 -4000661 3304117 -9367034 4067387 -9061726
7732231 -5438083 7388765 -5896295 9348865 -1399595
-270 115 -210 205 -290 45
-782898 6608776 -686904 6619442 -6091186 2680728
7681663 4445039 307193 8869721 1800043 8690579
-4259859 1419458 -1809906 4109197 2210774 3908163
7120033 -3112756 134839 -7769552 5963660 -4981855
-307 -64 232 -211 -244 -197
2044988 11201368 9521672 6244228 11259128 1698428
-2065601 -4622695 -3425155 -3728851 -4968199 -976225
-3994064 6087517 -4646947 5605024 7080572 1695851
255 40 68 249 228 121
-233 156 -260 105 -271 72
6579298 8640571 10244821 3604202 10735643 1640914
801177 7753826 4532982 6341591 1948647 7547614
5566790 3971345 -2567750 6337775 5047423 -4613486
5026868 2627014 5289478 2047444 -5392348 -1758746
-7280105 -6987984 -8203959 -5875960 -7345660 -6919041
400895 9590160 -9444255 1714040 -7912665 -5433380
9825955 -1824726 5856915 -8097874 6120195 -7900774
4699685 -4655311 6128675 -2489639 1999715 -6305561
-2413820 5075460 -2612076 4976332 -5553924 860668
5528965 7838990 9064390 -3139435 4314890 8567435
8712757 4662846 9079578 3900709 -8568314 -4923237
3995283 -10390077 -8564373 7111083 -7141647 8538903
442891 -5668088 1580621 -5461228 1256044 -5544883
269 -162 -206 237 298 99
-866570 -5042741 -3352891 -3865010 -2474530 -4478491
8416607 -4315889 1219459 -9379717 746741 -9429133
7682492 2472410 8065492 285190 7722490 2344492
8235534 1950643 6348698 5596701 5780301 6182002
-1892834 -9753054 -5975234 -7937346 -9446214 -3077974
211 -232 197 -244 284 -133
3465734 -10857579 7477826 -8601189 1508466 -11297029
2764238 439848 1433538 2404048 2382432 -1469182
6931250 -2579250 5921722 -4430346 6925350 -2595050
33 -256 24 -257 185 -180
113 254 106 257 202 191
-4403272 -6800379 -3088580 -7489635 -251536 -8097573
265 -170 313 -34 295 -110
169 208 -188 -191 127 236
240 95 40 255 249 -68
-67668643 -49537516 -26646557 -79517116 -83862947 -129836
1876778 -9830376 4710192 -8830214 9954496 -1032762
-11340816 -2740527 -6335151 -9797472 -3576696 -11105487
1268486 5632442 3968878 4193026 1766698 5496566
-4219500 -8389470 5447652 -7649214 8622780 -3719550
257 24 121 228 220 135
9732155 -7232615 7232615 -9732155 5893585 -10596755
-131 252 -229 168 -112 261
1826327 -8883361 831085 9030995 8263979 3735803
4598085 4823914 5515330 3740811 2583310 6143211
-3076574 4020527 -2532502 4383649 -5049073 369874
3502923 3438502 3771318 -3141803 -1311338 -4730133
4956018 6812614 8337682 1207014 7942254 2809702
-1247999 5611533 -5468151 1773733 -3129483 4822151
-8326763 1805761 -3551449 7744867 -986749 8462983
7065354 -4262210 -6554850 5011946 8088246 1632770
-205 -210 285 70 210 205
860685 12136780 12012501 1934432 1934432 12012501
-3886716 -9999418 -2890278 -10331564 -8637222 -6363436
4915368 -1302889 3150561 -3991532 5080792 -209559
1 242 223 94 113 214
-1963635 4612455 -2659845 4249215 -4995279 421653
-9201994 -5363362 -6934814 -8083978 -986134 -10605182
5372344 9517233 10069480 4247985 5506793 9440076
-521157 -4232124 -1290900 -4063995 -1146672 -4107021
-6343762 317462 -6109798 1736222 -4493342 4489318
-8737288 1961429 -6338452 6325459 -7024964 5553133
-4120612 -4776418 4394212 4525982 5174212 -3608482
-1852319 2630790 -1334094 2927855 -1088710 3027681
7764409 -8455328 11270809 -2178872 11039168 -3148871
-1381241 8592907 -3903313 7778819 -8565043 1544641
-6441667 9814855 -9276665 7195133 -5672885 10278367
6201890 -5444005 -4679342 6797381 -8076338 -1695109
-3161845 4104038 -832405 5113462 -4869962 1767445
-2903587 -10936274 -8884634 -7006867 -11021891 -2559458
115 -120 -27 -164 -88 -141
-2278885 -9339718 6869093 -6726010 -6726010 6869093
206 237 253 186 314 3
-3582407 1715744 -2501516 3085423 -3279727 2240716
4063471 -8666093 6296471 -7208843 8355793 -4668371
74802658 -30859997 79716637 -13893698 13893698 -79716637
2355925 4856297 5387335 332603 3590195 4030447
5800892 985894 3599738 4654484 4654484 3599738
5349759 -4192882 6550886 -1812753 2206086 -6429103
9279580 523890 8887380 2720210 7770226 5099868
-5956298 3356838 -506562 6818302 -6573518 1880082
-1167196 -10191755 -5429821 -8703520 -10256500 -196021
6715897 5337994 7183177 4690354 6728039 5322682
-49 298 -302 1 -1 302
-764425 4025758 2894342 -2900665 1437250 -3837367
4686147 -2723692 3971813 -3688248 1489008 -5211653
-339314 1555852 -912370 1305140 -1398610 761380
1416351 8884722 5284113 7281654 6463914 6257967
717524 2004379 549709 2056744 2112421 264676
9280803 -8203066 -4304509 -11614422 -11614422 4304509
-2637133 -7130499 -4015433 6455601 5892091 4804347
536375 -8079943 6313175 -5071193 8090207 -348895
670953 -6933234 5949159 3623178 -4457769 -5352402
159 262 102 289 289 102
6314560 -8122773 799027 -10257420 10236877 -1029300
-1374346 -6087172 -5708444 -2521142 -4516330 -4306420
-1256495 -1983050 -933682 -2153951 -1806362 -1499441
-90126905 27070638 -23266935 91182938 -34136850 87694663
10076958 2828106 -7513902 7285914 -3783690 -9758430
-18524830 31727746 -11136946 35011250 -35011250 11136946
8207598 -4350873 4350873 -8207598 9138297 -1669218
8437060 575205 -3052275 7886600 7694616 -3508237
-4312327 -998774 -3956761 -1984378 -4403129 -454058
6734626 4609253 177973 8158966 8072326 1199147
-162 -269 -253 186 3 -314
-4656411 -7564787 -8650221 -2020357 -8718543 -1701521
1651733 7053357 7146073 1188153 1775367 7023257
5249484 6828883 1984232 8381739 7118116 4850067
-7767038 1910416 -6605938 4509784 -7800584 1768462
-883749 814757 -814757 883749 -218145 1182055
7106258 3598096 6518912 4577006 2839384 7441982
-3311170 5020900 -4478948 4014014 -5845058 1417244
1735410 7938730 5851398 5638814 7747578 2451554
4014056 -5805861 1234371 -6949604 2975184 -6400699
-240 95 -255 40 -95 240
686099 3410915 3350435 937901 3410915 686099
-1497000 1677845 -1289963 -1841784 -1847405 -1281900
-8374210 4749080 -8823790 3849920 -5001026 8226232
143 -266 49 298 -97 -286
-5291347 5351779 -671141 7495963 7146145 2360615
4486320 1514747 700720 4683003 459803 4712760
143 266 298 49 127 274
5771409 -4273877 -6706177 -2569509 -4385127 5687341
-1225172 -1242059 -1654883 552376 -1574539 -751388
7396863 9283361 10807359 4908703 10870599 -4767017
181 -112 -173 124 19 212
5806229 -1035476 -5052784 -3042019 2188264 5476861
-5383428 -6751703 -6671212 -5482857 -7566127 -4161792
6690211 -2391905 -1634911 -6914275 4777525 5258839
1265447 -4026511 -2053379 -3687517 4219277 108851
7785023 542118 4757297 6186162 1430433 7671658
295 -10 130 -265 242 -169
-858847 9023546 52270 -9064175 1076750 -9000145
-5280036 4207334 -6436506 2037604 -4941894 4599796
-9 -202 86 183 -103 174
-831635 5427026 -516515 5466026 -2741374 4757005
209 122 1 242 214 113
2433037 -7827294 4941554 -6539667 7076691 -4136018
28061996 -25980510 8726004 -37233310 37203260 8853246
71 -277 277 -71 223 -179
-2859694 -8931667 9193469 -1852742 -3237875 -8801630
-2180307 3160529 -7361 -3839613 -1722977 -3431331
-3778251 -7607246 -1474581 -8364866 -8111506 -2519691
-4326888 1447273 -4123212 1953377 -4046433 2107828
293 69 69 293 193 -231
252 131 284 3 168 229
-2990131 -2251073 -1041461 3594937 -3109991 -2082347
-6399202 -714454 -5548034 -3267958 -6433978 -253294
1966353 -4082636 1712751 -4195348 -4511896 -421017
31371050 -67340760 15307616 -72695238 73625240 -9911850
2520307 7134374 421870 7554685 7463030 1246765
-9093524 640263 -2854047 8657744 -8103801 4174988
4486441 -292238 550370 -4462135 4462135 -550370
-190 105 -55 210 -105 190
-7698406 979364 -979364 7698406 -2351546 7395596
27357789 20359998 10059741 32584962 10627686 32404173
-9127991 2806638 -9467193 1252874 -9505314 920023
-85376099 -9907386 -85433286 -9401501 -3320426 -85884861
4034009 -1127788 992732 -4069351 4187495 -100100
-189 178 -259 18 -178 189
-7594455 -1969790 -7843478 188871 -235449 -7842218
1300487 8260989 8260989 -1300487 607657 -8340621
-698452 7147014 -1075556 7100058 -7178726 183132
-115 -120 -155 -60 -20 -165
-11853342 -2896151 -3685434 -11632153 -11533847 -3982434
-519589 -8777052 -8584155 -1902340 -8280485 -2956380
-40 245 -224 107 -172 179
-1366882 -3354912 -241472 -3614622 -400862 -3600432
-5170719 -405287 -1614627 -4928851 -1258901 -5031477
-10336713 -1848004 -7680431 -7160568 -10497967 -235464
6266987 8940526 -8144117 7271966 -10823429 1435798
5112062 -556916 5018914 -1119748 2842718 -4285124
-2292118 10966451 -11190365 540910 -9569102 5826589
-7534211 -4131728 -2659376 -8170877 -7825909 -3548332
-205 -210 -138 -259 -285 -70
66 -307 269 162 -237 206
5886305 3825160 5409665 4473920 4283704 5561503
-976376 -8032872 1792968 -7890856 -7924344 1638632
-1779492 8481850 -8223930 2734108 -5600410 6613908
-4002943 3276929 -5025569 1226977 -4371847 2765641
6458759 3893603 3893603 6458759 5831663 4781989
3446336 -4250707 4885484 -2465317 4956883 -2318416
54425311 63744513 80942357 21767229 34864347 76223059
-2093986 6958747 -7264693 182134 -5850437 4310606
-7412681 -5392105 -9060355 -1390181 -2216869 -8894275
-260 -65 -1 -268 -188 -191
3944931 -6981832 7894243 -1410456 6720252 -4375691
63588 9380683 9358748 644277 -8322868 4327947
-4066959 1304366 -2877471 3156214 -4019674 1443519
316 7 -184 257 128 289
314 -3 206 -237 162 -269
-2163596 4114363 -4589648 737741 -1707104 4323763
-1982811 9850888 -9564148 3081981 -9218627 3998556
-6908186 -5201630 -5979950 -6246614 -8529686 -1422830
-4201993 6300136 -6111359 4472108 -4052612 6397249
-7802477 -3219971 -8399819 -830603 -1799167 -8246809
5942053 -5101726 5107259 -5937298 516149 -7814678
-279 113 -49 297 -239 183
4620391 -5782562 5782562 -4620391 2155550 -7080935
-1461247 10147194 -10197506 -1054353 5813606 8444097
1613950 6288725 397850 6480325 1432555 6332510
-1195156 6238112 -6238112 1195156 4698992 -4273396
-6550963 -9633323 3367237 11152477 -140663 -11648873
760980 -7821806 7705806 -1542820 7525806 -2263180
-94 -223 -209 -122 -242 -1
-1744595 475074 -289315 1784826 -1703395 606426
2808479 6150212 3005456 6056393 6176311 2750608
4537720 21270 -4028358 -2088944 -1941126 4101632
2015374 8935410 2722626 8745890 2393726 8841570
1073070 7420890 7424514 1047702 7089762 2440566
9138 9546972 -8101092 -5051442 -296148 -9542382
-9625918 296279 6853111 -6766162 9365366 -2244103
-2337176 12733837 -12942989 303368 436123 12939196
10342351 -53452 3928487 -9567344 4806233 -9157904
5074939 7598872 499372 9124061 9061156 1180387
244243 -1021051 180013 -1034309 -848569 -618167
-109 287 -265 155 -155 265
-4829742 4834049 5432386 -4145313 -813366 -6784753
88 -249 196 177 241 108
-728583 4371606 -3795426 2288343 -3636135 2533830
2879913 1047551 232673 3055671 2904377 977679
2808731 5939873 6499081 965923 924751 6505067
45 -160 160 -45 88 -141
5168733 4682623 2584103 6478053 3530533 6014823
-11091751 2046927 -10888473 -2942449 -5182423 -10017951
-278 129 -226 207 -305 30
-277 71 179 -223 211 -193
7352586 3527775 8143839 428490 4363614 6889455
-6569123 -1126271 -4305419 -5087753 -6496987 -1486951
7497864 6945372 9498276 3773448 10156572 1140264
-1525465 -7367835 4090951 6314757 -254577 7519789
163 -74 122 -131 109 -142
-193 146 -223 -94 -127 206
7098023 1320139 1116841 7132837 7218625 127085
-5260215 5647610 7613574 1264457 7036710 3170185
123 256 3 284 131 252
-9158013 833924 -8331372 3892669 833924 9158013
137 -191 191 -137 61 -227
-3653640 -3816155 -4404611 -2917452 -308805 -5274160
2409169 -8174578 5602529 -6421798 5094161 -6832082
7836316 7751454 6738014 8723076 -10376286 3718276
-8985843 -4321220 -9940045 783468 -3099893 9476760
-4302906 2991159 -2991159 4302906 -5204286 614361
-5753402 6872586 -7137910 5420730 -479170 8950110
268 -1 1 -268 208 -169
-5606789 -3397723 -3051995 -5802235 -6472985 -1039745
5304569 4559857 6869957 1316981 6950401 789097
-3775922 3248041 -1732142 4669801 -4796182 1343129
-317927 -9537044 -388424 -9534433 -2559103 -9192784
-9939295 4524131 -2916965 10523719 -1315031 10841035
-3048043 2624364 -920208 3915491 -1278293 3813636
1283395 -2359571 -1771729 2018825 -2671679 -277145
3073639 3259192 4401839 832708 1178297 4322176
8238709 2046158 6274406 5717947 2394731 8144222
-4974304 -2779288 -2622976 5058472 4881752 -2938816
5354031 -8264524 4456904 -8780889 988591 -9797484
-7292948 5716144 -9263072 238516 -9009616 2165228
251 -33 243 -71 99 -233
4165931 6395472 2616819 7170028 6898507 -3266136
1563342 10382329 10476791 688218 8279191 6456918
-255368 -8174576 -6486896 -4980872 -3059960 -7584560
-59559702 106691069 -68443517 101221674 -111662403 -49617034
217 6 55 210 154 153
-2568661 7700284 -5960579 5510344 -8095901 590576
1322128 612531 931661 -1120368 -390779 -1403748
7969738 2686916 7756726 3251068 8385910 642460
-3818457 1992136 -2431751 3554688 -4274852 524271
2072073 12041664 11848884 2983137 7972368 9259401
81874745 -19263210 53941870 -64535415 76156185 -35704070
1 278 254 113 239 142
6579610 -224873 6493850 1082473 5435927 3713830
-7262179 4212172 -4212172 7262179 -6225605 5632360
2340482 -8440098 6036942 -6345742 8653242 -1354442
6906392 -3973971 3140731 -7323012 7323012 -3140731
-288490 -3912510 3384310 1984290 2360790 -3133310
4266606 1823449 3237079 3324186 398889 4622746
3652026 -6504502 6304882 -3986766 6484738 -3687006
127 -236 169 -208 -160 215
29247805 -88909035 -53578545 76743665 -76256479 -54269697
-179 -223 -53 -281 -251 -137
7712909 174332 5736872 5158261 5445488 5464981
-2308988 -591556 -2339764 -454828 -2144708 -1039996
6529312 93325 2626235 5978588 6518413 388480
3200728 -4669841 1579343 -5436704 1164911 -5540312
1592799 7846898 7510977 2774174 1079006 -7933887
-4829982 -1454747 -5017963 -514842 -514842 -5017963
71 -243 9 -253 253 -9
-230 -85 -133 -206 -155 -190
-2197042 5028551 -174254 5484793 -3316393 4372054
-2224683 -3560639 -4045761 -1122133 -3416467 -2440311
-7730208 4798377 -8804673 2293092 -3355992 8456823
3025931 1482192 -2504685 -2253820 -3291885 -718780
5035417 -1479016 5131028 -1102481 3189319 -4167872
-8854311 -8672513 -7506319 -9862377 -12250597 -1879941
3114158 1812454 3524378 749486 1577126 3239698
219 -127 237 -89 33 -251
-265 170 -55 310 -215 230
115 -220 11 -248 235 -80
8459003 3774359 5578433 7394701 9152407 1426171
-792305 4113910 -4178590 302305 -1834502 3766511
8828045 -2422185 -9105875 -940425 7234575 -5609125
10513124 1943895 8289276 6752215 2271401 10447260
-8665376 -5260438 -9734984 -2826842 -3460442 -9528184
1546393 -2127224 -698641 -2535412 39220 2629615
-10003158 -1879619 -10132430 -964365 -10178190 -24205
-9729598 -2805479 -9164738 -4306201 4306201 -9164738
3983445 -4691980 3434680 -5107395 5339613 -3061216
-12516648 -137540814 -134706120 -30469710 -123061080 -62690610
215 95 137 191 61 227
-6023837 -2852501 -2051923 -6341371 -6439471 -1719473
-35393224 -22344107 -10484053 -40521896 -33372499 -25262932
2008672 -444821 686540 1939405 -293884 2036237
2048163 -4978139 2521707 -4755821 2673769 -4672023
-2520994 -399712 -1577054 -2007008 -2534702 -300776
113 214 22 241 223 94
-159 -197 -233 -99 -243 -71
6220650 8219075 9460525 4092450 10227990 1279805
-5331998 -3004536 -5465904 2753422 -6111330 -330280
-9059613 -129266 -6740739 -6054398 -8661034 -2660787
7624277 9644040 892277 12261360 10398952 -6557355
1462056 -7688173 7293128 -2838291 2725061 -7336188
-460816 9271383 -9057036 2034943 -4286473 8233896
-189 -178 -147 -214 -214 -147
2 179 19 178 166 67
2350043 -1007826 2315970 1083835 -1786238 1829691
-1846422 -5602764 -5806314 -1042572 -2613066 -5288868
529252 -949419 225524 -1063317 -959613 510536
-3895838 -3729381 -1938117 -5032846 -2924389 -4531422
4650401 853271 1591319 4452191 4636501 925829
-12429256 -2881189 -4772411 -11832656 -9086909 -8956324
10352443 1330019 7483943 7275481 8740847 5704351
146268 7005859 3718128 -5939611 4978568 -4931259
-301 -3 -113 -279 -291 -77
5860460 -2034273 1767148 -5946465 5731575 -2373248
7127158 1275487 4074362 5985217 2228527 6888898
-71 277 -179 223 -277 71
6497657 2962326 4229703 5753654 6934905 1703530
-11161106 3879305 -9079975 7561306 -11673590 1829369
2589969 8037982 7106858 4561761 4561761 7106858
7279030 6428926 7068326 6659890 3508126 9055850
4598876 -1552297 -3079924 3751447 4261252 -2324009
-2669105 5401240 -1717969 5774608 -1462039 5844652
331338 2752406 542206 2718738 1916514 2003122
10712643 219117 326337 10709913 349167 10709193
9642573 -2612633 9073517 -4180473 1115753 -9927747
2156385 12742916 8049084 10111585 12004041 4789040
-2684106 8536952 869578 8906616 -6269496 6385718
18 -259 -126 227 -147 214
7832610 8935168 10797090 4960832 10413832 5721810
490712 11832436 9718732 6767096 11841868 132296
8048778 2669514 8344038 1512006 6322746 5650842
-113 -214 209 122 -214 -113
7959989 -3573817 8568833 -1645811 5619341 -6675073
6225683 390466 3539779 -5136298 4283686 -4534493
654483447 884375379 564622101 944282943 701301015 847729485
672475 -552841 234785 -838291 160291 -855665
2809170 -6204615 -6163143 2899026 -3703230 5716185
2346467 -2333769 3063573 -1251761 459135 -3277435
194 57 114 167 162 121
-6986488 -4917004 1007732 8483656 -1169128 8462924
-28 211 -203 64 -211 28
-3127529 1996218 3489442 1260999 3307641 -1681022
245 -10 -139 -202 85 230
1003541 5898434 4704539 3696746 5199674 2960069
7122208 -243701 -5356468 4700371 -1219117 -7021324
-3657275 -7387702 -6768677 -4705190 -7336898 -3758155
-1356455 4932430 -1503158 -4889719 -1634695 4847330
-193 211 -223 179 97 -269
-11645409 -1032632 -10976832 -4023809 -11447297 -2375136
-7053242 1456151 -7110761 1142662 -7014482 1632679
6382874 2135983 4191706 5266223 6728639 170062
8774981 -3675033 7372079 -6013203 2076893 -9284001
-105 -190 -30 -215 -215 -30
-2117929 -7798928 -7891319 -1742408 -3448100 -7308865
3052678 -9121651 8219986 -4995517 1682434 -9470627
167 114 121 162 162 121
-260 65 -191 188 -265 -40
-8407979 -4805340 -9122880 -3249379 -7625771 -5969340
-6471898 -359861 -6005354 -2439403 -5998565 -2456050
-13499942 3108415 -12399242 6178145 -12471170 6031633
-2237182 3750014 -3964138 1831174 -1667494 4035722
-6390772 7674079 -9912064 1218377 -1605736 9856727
-330715 -5489560 4999360 -2291515 1724123 5222264
1446012 9750966 9835830 654780 6741654 7191828
756823 -4241904 4269744 -579497 2225724 -3689537
-6682842 -1317816 -6239448 -2732454 -5203494 -4395528
-5503132 -446254 1217444 -5385298 2212108 5058674
-253 -9 -181 -177 -177 -181
-83 -196 -112 -181 -64 -203
-287 109 -85 295 -265 155
-170 135 -55 210 89 198
9880117 6767001 1618551 11865467 6767001 9880117
9394511 -1419938 6772657 -6663646 5118911 -8004362
5234885 1975294 3536069 4336130 5580181 409130
8878814 2037861 8234821 3895374 7373499 5349554
-9415300 329019 -7407931 5820540 -329019 9415300
7519913 3368441 51787 8239709 8031749 1840243
232 -211 88 -301 77 -304
-2877077 9835361 9849757 2827399 3473005 -9641065
-12621132 -2507906 -9391124 -8797122 -10567572 -7342274
5583825 1228825 4186815 3893545 807175 5660175
-59 308 -244 -197 -197 244
7350254 3027087 -2937582 -7386481 320401 7942722
-9805971 6001817 -10581957 4494559 -4092183 10743971
-59445 -9174035 -9174035 -59445 8580715 3246195
6400659 -2375562 2375562 -6400659 5638170 -3850035
6065646 9069388 10310226 3570028 589116 10894898
-9824174 -7205528 -1207688 -12123346 -9647152 -7440866
-1440507 9675092 7471803 -6313052 9675092 -1440507
-9126521 2517909 4422339 -8371151 -8975591 3011979
-193 211 -157 239 -97 269
9315326 -2519043 -2319414 9367027 -8914410 3695155
6369066 -7638182 2492594 -9627762 -9082398 -4051774
-7187085 -3362399 -6442685 -4631601 -3362399 -7187085
-4309459 1091386 701869 4389754 4017274 1903699
-9333507 4343401 -7281735 7277075 -7828129 6685797
-4191809 1932808 -4343744 1561697 -4268564 1756807
-8346236 3517 -4941092 6726461 -2251301 8036872
-6761178 1327299 -251037 6885654 6475146 2355363
7870727 -841939 5223355 -5947585 7892081 -610133
-873442 -8156863 -7865638 -2330033 -8139247 -1024682
6239104 -4793368 7864744 -220448 7721312 -1511336
-5735301 -3271138 -1826298 -6344971 -5602662 -3493451
-2336309 -7237524 -6884451 -3231784 -6556024 -3854691
-1197167 -4989851 -3204373 -4007969 -838153 -5062541
-10 245 -70 -235 190 155
7188632 -5053651 8316109 -2838688 5822587 -6581284
-2109584 -6636858 2492102 6502896 3515002 -6011904
5709932 -1105784 2735956 5132312 -2035624 5448148
861857 -4885524 4646625 -1737820 388900 -4945695
3673458 1097320 325490 3820008 1097320 3673458
4328244 -146266 4236954 -896276 3700474 -2249796
100663480 -72786275 122172611 -22468448 -124202549 2169068
2609296 -2809903 536764 -3796823 1096120 -3674575
-2095268 -4235944 3998216 2519452 -2731736 -3856292
-7155072 -1990259 6490227 -3610144 -4271493 6075404
-1218281 3425952 -2799264 2320663 -3631809 176972
4357899 -865033 -319961 -4431387 4294249 1139733
4014760 9389445 -9389445 -4014760 7375325 -7062900
-8654066 3121470 -1834890 9014966 -9188934 447130
7186675 -5052185 -8668925 -1422185 -5787325 6609065
-2156437 7758175 -6468935 4795037 -129587 8051255
-5788312 -4282134 6256680 3563030 2867526 -6604432
307 -66 269 -162 99 -298
-281 -142 -170 265 89 -302
-197 -244 133 284 284 -133
1702432 5031894 4381082 3004056 2164778 4850976
477642 3508420 3389100 1025258 1342660 3276342
-6607596 1568910 -1530510 6616596 -5293554 4254420
-7297452 2339564 5375364 -5461852 -7260268 -2452524
283 119 287 109 211 223
-6937539 -3369363 6424971 -4266357 592179 7689693
2230554 99927 1176366 1897767 812394 2079753
-6557201 -3155737 -3122711 -6572993 -6819217 -2540441
-146 197 238 -59 -197 -146
3616970 -3265045 4107502 -2621339 1529605 -4626370
9728520 -4586460 2667612 10419384 9506280 5030940
937102 -8695074 6643094 -5687862 982494 -8690062
264 7 164 -207 196 177
6393695 -2343300 2900961 6160748 -941180 6744225
-6008141 3238878 -5107053 4528366 -5685194 3777123
-1975840 8376605 -3447856 7885667 -6606635 5515780
-7398139 3651088 -8016736 1948037 -8242661 348488
1594745 -8341430 7597561 -3794698 -2953399 -7962418
-3369854 -6538042 -6587462 -3272194 -5554126 -4822198
-625208 -1943342 -132562 -2037128 1700632 1129298
-3761282 7657641 8382882 -1585559 -8071038 2764969
-143 266 -287 94 -182 241
-6403811 -6197383 -5437877 -7060159 -1181569 -8832907
7461523 -3736271 7940809 -2564683 4070491 -7284583
-8448865 -319560 -3801852 -7551911 -8452712 -192609
-3506327 4413036 -3806385 4157000 -4459240 3447375
-8684940 -2545178 -6659878 -6127980 -1548860 -8916678
-3521957 6522674 -735646 7376197 -4057310 6203845
167 114 -121 -162 202 9
-3795068 5749509 -5498376 4150573 -6861188 619269
143 -266 241 -182 209 -218
1334068 8581223 1388752 8572543 8640127 874832
9365185 1436133 4307167 8439045 8856775 3365517
-2521286 -2199449 2647234 -2046121 679186 3276151
-5293297 8339246 -7592465 6317950 -3333626 9297793
-8076154 3995924 -8772044 2059834 -6489364 6251386
8966880 873135 7275024 5314257 5207040 7352145
291 38 227 186 259 138
8009303 -9871301 6031469 -11189857 11732231 -4893493
-4326398 -6690009 -7522266 -2624777 -6690009 -4326398
-242 1 -113 -214 38 -239
12180828 4523354 12632070 3043700 10927180 7030650
-1739495 1936940 -505855 2553760 -355840 2578945
97 286 302 1 241 182
119935 9744195 8336735 5046045 2556915 -9403505
-5866247 -2463431 -2963281 -5630303 -5910259 -2355883
-5841021 -1504717 -260489 -6026097 -3967299 -4543373
-11254698 -3397134 -10072182 -6062994 -11740794 -602082
-1046480 3758660 -2320828 3136304 -25120 3901540
1033004 -11392568 7661944 -8494252 11392084 -1038328
599177 8049518 -7050062 -3930697 -3530858 7258567
279 113 301 3 239 183
2360261 -2437387 1342103 -3116159 1265867 3147899
4311394 2709912 4666952 2037474 4754766 1823168
1015850 -4960796 -4548746 2224940 4855220 -1438154
-5861266 1680205 -5419850 2793341 -4021750 4582909
-1426586 -5691697 -5658206 -1554113 -4177646 -4120417
60 -155 83 -144 165 -20
-8514042 2548844 -5267964 7157798 -1279828 8794746
-8298797 -4558960 -6455428 -6926875 -3310528 -8870995
6718782 -4421449 5620103 -5753754 7270830 -3438935
-8882154 581580 -8399754 2945340 -2918250 8409204
-3084295 9943955 -309205 10406705 -10275947 -1673329
139 -267 293 -69 183 -239
-8467962 -2471488 -3098752 -8259078 -252632 -8817642
990664 2348598 2547430 89040 89040 2547430
-8232756 1371128 -7269108 4101016 -7490952 3680204
5327558 -943409 -3739994 -3909647 -1861727 -5080046
-4264084 8924985 -9056391 3977380 -8924985 4264084
6186827 -6243564 -2276944 8489667 7870475 3913380
2115605 -9541815 8088545 -5486115 9190095 -3326285
1943040 -2315665 -2790513 1162216 -2146089 2128852
2186415 -2043380 1680032 -2476551 523104 2946553
3022268 1034129 2559968 -1910521 1128047 -2988484
-5238488 9916971 -3716016 10582027 -2828171 10853088
-5505582 6565799 -6118791 5998462 -8567719 123858
-1941563 -8726796 8737477 1892916 4029957 -7980356
6933767 4196834 6475561 -4874182 -1729369 7918322
7651009 7323105 9844991 -3904095 3904095 -9844991
4777812 -8795661 1212372 -9935859 10009476 -39117
-8728988 207869 -6323636 6020803 -8138051 3163948
-2 -179 -131 -122 -67 166
9283622 6825239 3774422 10886839 10420402 4917799
214 -147 237 106 126 227
-470250 7730256 -5976000 -4925994 5514960 -5437206
-9177790 -8333120 -9298456 -8198258 -12173170 -2342360
-45 -160 -141 -88 -160 -45
-9425784 -1693063 -2652560 -9201945 -734912 -9548391
5561150 5622680 2970800 7329070 975422 7847896
-5557011 4976087 -6004707 4425529 -6861307 2926479
-6862370 1060010 -6875074 974218 -6084590 3345670
142 -239 -271 -62 -254 113
-2783951 973097 -2817547 871051 2941717 -208811
-107 224 220 -115 248 -11
-3531797 7810345 -3950747 7607015 -8542747 704665
7590139 7288598 5170469 -9165158 9532213 4457666
7035783 -4151119 1604093 -8010051 5404595 -6125715
3085128 7341018 7385622 2976768 -1724208 -7774038
6916430 -3034416 2572616 7101150 5558434 -5113560
-11884789 -2074276 -10647349 -5673164 -6301981 -10287656
-5737968 1209211 -1779451 5587488 -5841819 509528
-3614625 -8029285 -663311 -8780373 -3582731 -8043567
156 -233 215 180 145 -240
-173158 981926 459098 885094 92446 -992782
-2652954 -5180258 -5724426 -1050802 -1050802 -5724426
-146 -193 -38 -239 -127 -206
-139 -267 -113 -279 -193 -231
-1009970 -594932 -1085618 -442060 -968110 -660868
9459618 -4650460 5085340 -9233118 9233118 -5085340
-688719 1282733 909667 1136769 -1383371 -453897
1894122 -11037911 1788126 -11055577 11160654 -928967
-3038749 9684068 -10147555 205660 -10041629 1476772
38 -239 146 -193 206 -127
-4753915 -6376205 -2778421 -7452253 4489735 -6564905
-245 -40 -220 -115 -236 -77
7009105 1591660 805472 7142279 6401647 3268004
-2473771 -9133852 -9252971 -1982252 -110728 -9462269
4346940 6646045 2952027 7372336 7372336 2952027
255412 -1945284 99564 1959452 -1011700 -1681020
-6450991 -2788163 -4587539 -5323873 -1963229 -6747953
-1407012 -10806335 10806335 1407012 -5455063 9433920
5934508 8715461 10327544 2125907 10408621 1684712
-9111669 -3971564 -6523011 -7499744 -3136724 -9431691
-4318627 3040812 -3346448 4086363 -5261972 456867
5378236 7972612 3048572 9121084 3151148 9086156
89 -302 142 -281 310 -55
-7572541 2558404 -1331909 7881296 -5015939 6223276
1936335 -3052932 2368680 -2731143 2775345 -2316732
-3357771 341580 -1778421 2868540 -3293700 736779
-5476101 3274482 -2297445 5952450 5054430 3893925
-1623717 -8219496 -3036357 -7808784 -8219496 -1623717
3225307 1839145 3253507 1788785 1220725 3506407
133 -206 155 -190 10 -245
57 194 22 201 -41 -198
55 -290 10 -295 263 -134
218 209 49 298 97 286
-85301 -2660728 -2179763 -1528196 -2406488 -1138229
-5193484 5353337 -6467015 3715940 -2132372 7147271
737008 -6818485 1115540 -6766867 6766867 -1115540
-11031585 3062095 10464473 4644039 6028455 9732935
-4454991 -6428182 -6428182 -4454991 -2069073 -7542374
-9088127 -3665851 -5860631 -7854013 -9798983 -111571
162757 5949296 -2139773 -5553556 -5263811 2777212
-197 -244 -64 -307 -211 -232
310 -55 142 -281 170 -265
-5998451 -7340352 8393709 -4405432 -1969083 -9272804
-1815795 -3467981 3452335 1845369 2177769 3252895
-284 3 -168 229 -131 252
-5446570 3327540 -2221398 5983564 -3747780 5166410
-5025387 5385326 -7161381 1723622 -4133579 6096702
-5426331 3407838 -4109982 4915941 -5597787 3118206
-781574 -1822787 -915277 -1759454 -672134 -1865917
-8681423 5687921 -10269979 1499027 -8787743 5522239
9980088 7627108 9358968 8377628 12479288 1429092
2776312 -310281 2469367 -1306296 2346672 -1515689
3680490 -3123717 3423867 -3403050 4374858 -2040645
6653534 -3352442 -5239358 -5296934 2494574 7020362
5624948 5897181 7813816 -2315397 -6232997 5250384
206 -133 10 -245 70 -235
-8605621 -5926931 9360251 -4644451 -8148469 6541229
-6205161 694147 -1564681 6044637 -6113957 1267041
7440760 5099219 8817619 1901720 8957765 1060844
-3356557 5669941 -3865501 5335973 -4760993 4554959
-4292815 -649255 -3823805 -2056285 -3044699 -3095093
1985462 -6232769 1453777 -6377774 6036926 -2518927
-1555728 11218466 -11242974 1367408 -11295408 -829474
-1990944 8571788 -6059168 -6381684 -8740848 -1018324
-10942390 -1657045 -7158734 8440037 -6497866 -8958763
7022148 117982 5472802 4401468 5077758 4851892
179 -2 -163 -74 131 122
-6932553 -1220609 -7007897 -662991 -77049 -7038767
4979280 -8851725 9195804 4310853 -3565179 9509772
2283478 -10345949 8698723 -6048566 4383818 -9645469
9756036 -7361083 -1274808 12154861 -11070971 5176812
-243 71 -99 233 -71 243
3626703 5876664 -2685252 6362199 1139799 6810948
-9555199 6101232 -2630820 11027495 -3983420 10614105
6407274 -5612246 -4340386 7328814 5478866 6521694
-4431714 -6407482 -6556446 -4208198 -5762498 -5243046
7106184 -6846303 6171111 -7699812 6665409 -7276128
-7226915 735640 6588344 -3059933 -3478184 6377437
-9724726 -1157663 -8366033 -5091166 -1835102 -9619921
3536236 11733 2682756 2303893 3535011 93808
-115 -270 -147 -254 -290 -45
-2553710 11068650 -9886074 5594818 -10822014 3452602
10452084 -2058316 8805836 -5994996 8127876 -6886244
9510672 -2203724 506412 -9749504 9698848 -1114284
-835168 -10407334 -1000136 -10392778 -3294518 -9907384
-9987344 -979342 -6890344 -7295842 -6775880 -7402270
2383877 -6197246 5420107 -3835514 1811246 -6388123
-94 287 -274 127 -182 241
-7681657 1425639 -9879 7812823 -7105369 3248697
1040123 6966366 -5793366 4006123 5579957 -4298394
-298 -99 -307 -66 -186 -253
-7527237 -1253574 -4677414 -6029307 -1649334 -7450533
-217 -6 -215 -30 -135 -170
787086 3677107 3587683 1126566 687731 3696978
-6863852 -1016091 -6372147 -2746024 -6627021 -2056088
-9683548 -277281 -7400553 -6251384 -9297889 -2719788
-178 19 -67 -166 166 -67
170 135 153 154 6 217
223 -94 22 -241 122 -209
-3506084 5082842 -4839988 3834374 -1571366 5971492
-2121189 -4571501 4830309 -1437421 -3603489 3523199
5733420 -709785 4517535 -3601080 2803680 -5051265
199782 4208749 3835869 1743442 63398 4213011
-196552 6834029 -6385477 2443004 -5349292 4257659
1604661 8709493 6893041 5560233 1156869 8780197
-2016471 -1857190 -2202215 -1632654 -1121721 -2501410
6927462 5601004 1266906 8817932 5113204 7294938
-2504167 -3658829 -4432667 -96671 -429211 -4412897
-5574426 -1068343 -4003319 -4023558 -3471177 -4490714
-4185275 8354665 -5378975 7640915 -3295387 8743991
-5655701 -5214357 -7653175 -778065 -4202823 -6443039
-84754410 -47001155 89757330 -36551885 96004221 -13251722
2880926 4172587 2150554 4591877 2674997 4307506
-9896101 -9376067 -9376067 -9896101 1923707 -13496029
-7469077 -8552155 -10952305 -2995577 -7552577 -8478505
-302 89 -265 170 -310 55
202403 -97441465 31411175 -92240003 12400897 -96649355
8968789 -3015762 -5365574 7793883 -6982398 -6385931
3257375 3539584 -1212409 -4655020 -3988615 -2688884
-2067771 1795397 -2386407 1343201 -2215795 1609155
127 -219 -33 251 -177 181
59116028 -46505529 13214983 -74046156 19389505 -72674040
256 33 228 121 40 255
-1661074 -1016153 -637673 -1839866 -1453079 -1296262
235 -80 205 -140 -115 -220
-121 -162 -86 -183 -9 -202
1964438 6611394 5827274 3689502 6590262 -2034206
-168 -229 -256 123 -261 112
-2510521 -7562107 5060861 6154337 4543373 -6545681
403726 1571248 1523104 558542 750064 1438478
-6917144 -7531138 -7531138 6917144 -3254896 -9693842
-1083574 8495157 7851950 -3418875 -985483 -8507094
3717181 -11319243 -10590879 -5456737 -11874941 -963573
3833519 -4263378 4935686 2917407 1283162 5588001
-172 -179 -179 -172 -77 -236
560192 -5164041 2728841 -4419792 5188964 -236193
6688083 6548796 7467168 5644341 9337296 657333
-3439787 9653813 -537817 10234207 -3742063 9540713
-102 289 -306 17 -17 306
-2580372 -4830784 -4308048 -3381644 -2983088 -4593036
-3165514 8913732 -7250826 6074588 -8417878 -4314444
-85 295 -265 155 -1 307
305 35 185 245 211 223
59 -238 70 -235 139 -202
7460690 -3773320 5989040 -5833630 7495070 -3704560
-4417875 7550700 -8485677 2126964 -5667180 6664365
6017016 944698 5558296 2490438 1512176 5900022
2205069 -11344977 -11053293 -3375729 -4959381 10439127
-4807050 -2779304 -1656310 -5299896 -4296504 -3517430
-9608217 1267241 -6778723 6926229 -2011419 9480397
-3153000 -8036505 -1194588 -8549841 -4391097 -7432704
-1509276 -7649522 -2042162 -7524804 -3908332 -6746706
10630267 -5070379 11136049 -3834023 11193671 -3662383
-2687344 4074677 3849109 -3001528 4688752 1356619
-11767431 1931858 4562234 11017737 -3833034 11292137
1125336 3553076 3712584 327796 2045176 3115764
-8747902 -2887296 -9197502 -517904 -5104178 -7668744
3920237 1728401 -4251013 533401 3450889 2539093
-9345353 3117406 -5345993 8274914 -9018167 3965666
10174136 -1006990 6748240 -7680386 10079986 -1709080
6722507 -3679606 937718 -7606069 5714234 -5106773
-2342897 -9172531 -8020621 -5029327 -9172531 -2342897
257 -184 184 -257 128 -289
99 -233 243 -71 251 -33
302 89 23 314 281 142
5261216 -1829443 5105597 -2227136 4893032 -2661859
529139 -12065462 10517974 -5935283 3504058 -11557549
-11076652 337961 -10772905 2598260 -8542351 7059368
8376204 -4714262 3872406 -8797132 9576876 -817622
-251 137 -269 97 -179 223
2998449 7419364 6237799 5012736 1274056 7900281
182 -241 127 -274 287 -94
-3243843 -4189303 -209107 5294247 -3509877 -3969073
-199 -218 185 -230 -263 134
-3938171 7486002 -7752802 3382821 -7796389 3281118
5089539 -10599146 -4638354 10804211 -10017494 6155901
-29 258 218 -141 -18 259
-2055810 -4318485 910731 -4695342 4741365 628590
-6085107 -11029681 -12263853 -2877551 -11537613 -5056271
-1272379 -731719 -210019 -1452671 -350621 -1425281
4708274 5988433 7359679 1965782 -6052802 4625231
9111168 1745819 7217704 5828037 4468112 8130021
-966325 6368650 1332790 -6302155 5674715 -3048130
-837328 6345988 -3557668 5321248 -6361852 706768
215 -230 302 -89 -230 -215
-5523207 -75821 -5522967 -91651 -1618979 -5281143
67 -276 -24 283 -252 -131
-7837344 -4360303 -4061556 -7996247 -8674572 2277719
-249 -88 -264 -7 -7 -264
-9213792 -1764638 525952 -9366498 104418 -9380672
1213753 -6778472 6712012 -1539407 4059652 -5562383
3420910 -3160155 3793995 -2700890 4538805 -1043290
9868995 -2209085 6569745 -7688665 9460061 -3575523
3900307 8513124 6740491 6500112 7254840 5920555
8550732 7666621 5246588 10215939 3200389 11029488
854304 484297 -893772 406879 -96855 -977240
115 220 236 77 245 40
-2317848 -5736359 -4800944 -3902457 -448431 -6170668
-71464828 -51307369 -87961292 -1574441 -1574441 -87961292
53 -281 239 -157 283 -41
10855752 -403300 3986460 10105352 -10706148 1840760
-9183595 4270460 -1528235 -10011980 7791197 6470896
6733687 6552228 -9359212 824247 8469687 -4066772
1671369 -2223707 2746863 -439421 2781779 -7263
205 210 45 290 210 205
-4929103 -1038129 4685145 1850185 4984305 728335
38406336 45211323 53071032 -26506149 -25139184 53732037
1304616 9835512 2947944 9473592 3290376 9360168
237 -206 298 -99 162 -269
-10921226 -2375571 -10234554 -4491149 -2867891 -10802394
5209594 8666242 6572150 7684430 10090834 647062
46 -173 157 -86 86 -157
-10617469 -3754762 10041358 5099021 -11197379 -1203158
7255265 6706082 1728290 -9727457 2689990 -9506543
5779664 -4354005 7157845 -1061664 958861 -7172340
-7579246 1941138 -5581382 5482806 3988274 6731022
-3434366 2423607 3013239 2930722 -4003926 -1279577
-17949887 87709032 25436703 85837328 84267332 30233913
-3168215 4301573 -2328955 4808023 -5318477 504895
-2632150 -5469995 2796706 5387717 -6059467 -363206
530460 -9403105 2263991 -9141888 7840760 -5217495
7544451 -2438983 -3884637 -6912089 -2466539 7535487
11915872 1540325 9100228 7845155 9691028 7102435
-1232890 5787776 -4574224 3754310 -1518826 5719400
-679554 -8804103 -8795145 -787050 -6563886 -5906727
-6336698 -5922581 -4651147 -7321034 -7156346 -4900757
3409733 7905156 -6614125 -5511000 7486468 -4250949
-1376676 -678723 1331109 -764232 665736 -1383003
-2886214 2056493 -3386419 1044778 -671746 3479677
-2631328 2446079 -2873561 -2156348 920033 3472856
-2536096 -5090652 -5529892 -1329216 -1339772 -5527344
-3581317 -2865014 -3234362 3251621 4310789 -1565642
88 -249 207 -164 128 -231
1826581 5052602 2946133 4492826 5233198 1216069
5951475 7299750 3562275 8718750 844182 9380499
-505395 2910749 -2945651 225885 -2127001 2050305
-283 119 -265 155 -287 109
-257 24 40 255 -95 240
4944064 11253869 4337024 11501459 657901 12274384
-6319347 -5512301 -6254893 -5585331 -5727627 -6124859
-5596339 4534482 -263394 7197997 -5018909 5166342
3635793 1874756 1565543 3779256 2867641 2917248
9323497 -7720554 7831655 -9230370 8155530 8945495
3498738 7781663 372303 8523898 2934758 8011407
9271157 4824648 9793813 3648672 9731112 3812747
-8029640 4116245 -8861003 1703296 -3301316 8397613
41 -283 281 -53 211 -193
-7854131 -8207773 -745031 -11335777 -11335777 -745031
688987 -4291209 2519911 -3541077 3904199 -1909557
-439768 11118079 5410916 -9722503 -5565049 9635108
160 215 208 169 260 65
4762401 1146245 2454375 4239149 1146245 4762401
130 265 265 130 10 295
620886 1787907 1214754 1451373 1719366 791133
-12802131 -136852 -5458696 -11580843 8497389 -9576412
-2094343 10840539 -1726551 10905163 -2152713 10829099
9082670 7755999 -11943374 78945 3024526 -11554335
80 -235 77 -236 115 -220
-254 -147 -285 -70 -270 -115
1161609 -5144735 5091491 -1376355 2093141 -4841115
-4752135 -90303 -4601355 -1190997 256347 -4746075
-1460998 -5214351 -5133727 -1723026 -1361106 -5241313
-1939717 -2053124 -627188 -2753989 -2134843 -1849396
-3234577 2951514 -3760817 2242806 -1786415 3997830
209 -122 94 -223 122 -209
-5298128 12777481 -12226697 6468544 -13662484 2161183
10565654 765245 -477875 10582546 1006790 -10545379
-265 40 -160 -215 -257 -76
279 28 -64 273 28 279
7032145 -11241930 11241930 -7032145 1808239 -13136298
-4092113 785559 -4165857 90151 -551045 4130235
-9192959 -9294441 -12864921 -2321839 -721979 -13052811
-10613039 1181332 -9022148 -5712529 5712529 9022148
-121 -162 -9 -202 -198 -41
-10215207 -592725 -6640515 -7784943 -7784943 -6640515
-8160213 -165536 -7738539 -2594512 8061237 1277864
3530841 3782063 1983035 4778955 5161795 355965
661699 -3093807 35961 -3163573 2763359 1540563
-1334377 -9352974 -8669289 -3755278 -7886622 -5201911
7960220 -613105 3012145 -7393780 4668620 -6476495
-7935522 -1295756 3952578 -7002044 5126814 -6194132
3021698 -2948544 -4119426 924608 4126048 894594
-7995731 5018362 -9398822 881939 -3893234 8599907
4852769 -8574577 8299939 -5308837 -1344943 9760321
-8895716 -3868462 -1632332 9562126 8431150 4797340
7244976 -5107858 8434944 -2726098 7600174 -4562592
6946877 -10519967 10046803 -7615153 8685677 -9137167
-18602546 106169435 22285829 105457790 -69547355 82347854
-4556421 4892113 -6252839 2365533 -4177773 5219191
3700808 8712661 -6071968 -7262069 -8712661 3700808
3989553 3118993 1344627 4882277 3118993 3989553
38 -239 146 -193 209 -122
-5884182 -6922070 -6073710 -6756382 -6331618 -6515310
4229933 7228979 -1933381 8149387 8149387 1933381
-8399144 77669 -7381699 4007764 -2765276 7931261
6286177 5671551 2341029 8136467 3128109 7867493
-639329 -4886554 -1735441 -4612526 -4491089 -2029106
10840457 2882080 10024840 5032343 7596260 8253407
-4839840 -5420465 4156937 5960316 -4221260 -5914935
-4407721 -11541721 -2977231 -11990639 7946339 9460181
5035309 -5702719 7299821 -2141951 5914469 -4784809
-4181163 4206226 -5928882 151061 -4775278 3517269
450594 -11182497 5112111 -9955782 6708879 -8957802
-241 182 -143 266 -209 -218
-3591086 -10133908 -10133908 3591086 8368114 -6750308
20 -165 120 -115 165 -20
-1218264 -6173242 -2729334 -5669552 -4571786 -4323408
4287962 -3612451 5347523 -1685354 2026493 -5227786
8202763 -818159 8123365 -1402015 2458079 -7868453
89 198 -82 -201 6 -217
4834920 -4905482 -3047450 6176832 5963530 3446232
-283 -24 -168 -229 -276 -67
-218 199 -242 169 -263 134
4248913 9084235 4627955 8897113 7084955 7097887
4178851 -4652955 -5646999 -2687785 -5966885 -1873251
609990 4109358 -4031058 -1004730 1310142 3942390
-4609881 -3677822 -5894598 -176329 -3677822 -4609881
472573 -10167779 4320289 -9216407 609823 -10160471
1769019 -2182542 -2182542 1769019 209802 2801589
-3930159 4109338 -1422854 5505297 -5350175 1925730
271 72 -233 -156 215 180
2626940 3741370 -4562918 280076 3168220 -3295610
105 260 15 280 271 72
-7995572 -4980931 -4980931 -7995572 -190024 -9418213
2135848 3943277 4384052 944123 3278288 3060083
-10389538 -4110994 -2977486 -10769278 -2440702 -10903474
2542134 6294381 5857554 3430851 -6294381 2542134
-9477607 -1863276 -6791976 -6867743 -9558873 -1387364
6182632 -11189004 8783352 -9288244 11189004 -6182632
-8499025 10862329 -5880871 12475535 -12690625 5401079
-2556547 8288529 773541 -8639287 8510307 -1676401
3719327 1100329 3865877 314821 1541453 3559219
4386011 6975157 6372037 5223701 6975157 4386011
-191249 -2896617 -2534709 -1414997 -2388783 -1649449
-286 -97 -298 -49 -1 -302
278 -1 166 -223 -62 271
-7869829 3412197 -5401201 6663657 -2733393 8130551
-273 64 -271 72 -279 28
241 182 -302 -1 143 266
-6797376 6873002 -8082918 5301784 -6783256 6886938
-8827179 -5543652 -5907939 -8587632 -426228 -10414869
-4172802 6385466 -1513902 7476266 -3458374 6798978
-7890975 -8546580 -4719744 -10631817 -11602071 -838728
-8232808 5422295 -5991625 7828208 -7828208 5991625
-23 314 -170 265 295 -110
245 10 206 133 230 85
-6280552 -8415424 -8567872 -6070936 -8925656 -5531488
-8819890 -5755292 -3480292 -9939890 -2144908 -10310830
9904850 1319660 8964668 -4413874 -9933298 1084964
-55 210 -190 105 -82 201
12083820 -2073715 3897432 11624501 -10911285 -5591320
55 -210 217 -6 210 -55
-403039 10263133 -429421 10262063 -10080749 1967953
-4509350 1151860 41156 -4653958 -1151860 4509350
-3033323 -140436 -483477 -2997836 -1238813 -2772384
3987709 66290 3800870 1208141 2209891 3320030
2850943 -5841933 1335723 -6361753 6450783 -802157
6243637 6767646 -7878891 4765198 -5440054 -7428987
-2113433 -1443889 -2559227 -42091 -42091 -2559227
1677787 7863794 6851566 4208357 8006267 744254
-691792 -7517733 -2227488 -7213403 -6506268 -3829277
149 152 212 19 83 196
5775909 -2868378 6375189 -972462 1541541 -6261978
-2357996 -9115347 -7355605 -5877480 -8808664 -3325227
7612527 -764811 -2352285 -7280265 -4412841 -6249987
76353 7692986 4618222 6153039 1179354 7602433
-246 -83 -258 -29 -214 -147
5331121 6332614 -6964606 -4474049 -6332614 5331121
-3214395 -8847283 -2713035 -9013667 -9210015 -1944833
1004255 -5490385 5507065 -908345 2838265 -4805945
-3801446 4990406 -5279954 3387806 -711986 6232834
-38238009 -65177319 -22964631 -71992041 -36036849 -66419679
18 -259 227 -126 147 -214
6092394 -3731412 6640566 -2635068 5180964 -4919178
1002336 -8719287 7221801 -4987608 2784876 -8323167
-7306281 2091902 -3283911 6853738 -7100166 2710247
5473542 -3180896 6078264 -1769878 5592528 -2966714
239 -183 279 -113 297 -49
-6816390 -6996750 -8409846 -4969122 -9437250 -2521110
3687109 7274983 6927517 4304609 81341 8155583
-1 -302 -49 -298 -209 -218
-11225598 4763711 -11684190 3490945 -79734 12194287
2309633 8726989 2391091 8705023 5073017 7467211
-134269 -7099266 -3611334 -6113581 -878754 -7045949
-9018961 1541042 -7608193 -5082506 3071857 -8618594
49 -297 183 -239 293 -69
-4203239 8200252 -9154976 1047743 -482015 9202120
-90069 6771038 -6765054 -298517 704398 -6734901
249750512 442094014 394615856 319532098 465056818 203824904
-9476056 3970169 -8671976 5509511 -5509511 8671976
-160 215 -215 160 -40 265
2736357 7068441 6518031 -3868563 5622909 5082657
-3078949 -3949909 -1947889 -4613831 -1375249 -4815641
-2671981 9466678 -9824126 493987 -9549299 2359738
833291 2547188 2512075 933820 933820 2512075
-4375434 9521814 -5996166 8593914 -7494954 7323594
-1444101 -3034032 -544701 -3315732 -2425200 -2325765
-5041191 -10090088 -300167 -11275344 -3757328 -10635129
-4669401 -5043057 -6334599 -2666193 -5043057 -4669401
-258 29 -178 189 -227 -126
-7997337 7126106 -9524601 4901098 -1397682 10620041
-302 89 -170 265 -310 55
-3460307 6141516 -6429587 2890044 -832008 6999979
-8829866 4591743 -6770698 7294401 -7806657 6173066
-9671827 1778465 -3895255 9029627 -8601955 4765873
-3640048 6506637 -5441132 5097093 -7452603 212092
-7676720 -2055935 -7945313 -175784 -4907815 -6250780
4589945 -7254825 1446555 -8462125 4509055 -7305375
53 229 -233 -31 -205 115
-6107429 -9099320 -3781196 -10285955 -10958779 -58960
-9041189 2223372 -6931227 6216476 -6423123 6740176
-1256627 -3884178 -3197898 -2537597 -1975907 -3572358
-1248036 2044497 -1388049 1952148 -13812 2395281
3099557 -7291171 7847623 -1087769 6825587 -4022411
3957842 -8581601 1982687 -9239986 3727633 -8684074
-3649735 5905188 -4898105 4919388 -6848940 1133063
7170415 -2272220 729400 -7486375 6509713 -3768484
9085569 -688947 -381009 -9103683 9110973 111279
10001171 -7430134 5328029 -11262434 9249886 -8346851
86 157 131 122 142 109
4298166 -5015442 -6576642 613734 1156734 -6503142
1812232 -7558996 4978516 -5969672 7340524 -2557208
224263371 -734491287 734491287 -224263371 627758499 -442369503
71 -243 219 -127 253 -9
3089706 -4328408 125280 -5316550 5144600 -1347030
5892985 -1421185 -430709 -6046613 -179717 6059269
-249 88 24 263 196 177
2469362 1655531 2250949 1942102 -1832774 -2340827
7387898 -253659 2618091 -6913102 3532242 -6493739
-1266777 -2074259 -2419607 -229731 -1771869 1663657
8300655 472155 3807399 7391043 3348945 7609755
121083 5012636 -4162747 -2795124 3613572 -3476101
455779 9142273 802939 -9118343 7466993 5294611
298 49 -241 -182 -143 -266
-8602850 -7822660 -1970786 -11459452 -1316692 -11552894
-1077088 8714091 -8764128 534379 -8164896 3229547
