2500
181 112 181 35 126 65
162 196 1 1 97 110
108 165 2 105 88 165
64 18 9 15 57 1
171 192 30 101 110 128
139 177 30 84 115 116
154 41 1 11 135 19
85 55 53 34 47 51
26 97 23 54 6 21
41 102 41 38 6 39
17 5 6 4 1 1
146 11 126 7 52 4
109 83 89 63 30 83
52 142 37 121 46 46
37 77 5 7 9 68
34 56 9 4 34 1
96 193 33 137 94 65
98 96 68 96 98 96
97 111 79 101 53 47
191 28 45 13 58 8
199 148 165 45 7 144
41 160 24 155 22 55
48 130 2 17 26 85
178 59 136 25 178 59
199 149 199 5 199 107
37 142 1 69 22 142
147 25 144 4 55 1
45 189 2 1 35 46
87 186 44 127 52 158
165 77 40 23 1 71
164 105 112 105 134 26
47 154 14 28 45 92
53 23 53 4 28 12
39 161 9 1 1 161
53 90 1 24 27 67
176 171 126 13 67 91
87 138 72 119 14 136
98 171 6 12 24 116
102 98 48 98 41 67
197 139 174 113 75 73
181 176 156 90 141 69
22 13 13 1 15 13
187 129 185 37 187 72
112 129 56 71 8 24
35 159 11 34 34 149
105 141 105 141 18 125
55 89 33 7 17 1
155 76 49 76 87 67
172 12 82 4 20 7
1 2 1 1 1 2
1 2 1 2 1 1
1 3 1 1 1 2
1 3 1 1 1 3
1 3 1 2 1 1
1 3 1 2 1 3
1 3 1 3 1 1
1 3 1 3 1 2
2 1 1 1 2 1
2 1 2 1 1 1
2 2 1 1 1 2
2 2 1 1 2 1
2 2 1 1 2 2
2 2 1 2 1 1
2 2 1 2 2 1
2 2 1 2 2 2
2 2 2 1 1 1
2 2 2 1 1 2
2 2 2 1 2 2
2 2 2 2 1 1
2 2 2 2 1 2
2 2 2 2 2 1
2 3 1 1 1 2
2 3 1 1 1 3
2 3 1 1 2 1
2 3 1 1 2 2
2 3 1 1 2 3
2 3 1 2 1 1
2 3 1 2 1 3
2 3 1 2 2 1
2 3 1 2 2 2
2 3 1 2 2 3
2 3 1 3 1 1
2 3 1 3 1 2
2 3 1 3 2 1
2 3 1 3 2 2
2 3 1 3 2 3
2 3 2 1 1 1
2 3 2 1 1 2
2 3 2 1 1 3
2 3 2 1 2 2
2 3 2 1 2 3
2 3 2 2 1 1
2 3 2 2 1 2
2 3 2 2 1 3
2 3 2 2 2 1
2 3 2 2 2 3
2 3 2 3 1 1
2 3 2 3 1 2
2 3 2 3 1 3
2 3 2 3 2 1
2 3 2 3 2 2
3 1 1 1 2 1
3 1 1 1 3 1
3 1 2 1 1 1
3 1 2 1 3 1
3 1 3 1 1 1
3 1 3 1 2 1
3 2 1 1 1 2
3 2 1 1 2 1
3 2 1 1 2 2
3 2 1 1 3 1
3 2 1 1 3 2
3 2 1 2 1 1
3 2 1 2 2 1
3 2 1 2 2 2
3 2 1 2 3 1
3 2 1 2 3 2
3 2 2 1 1 1
3 2 2 1 1 2
3 2 2 1 2 2
3 2 2 1 3 1
3 2 2 1 3 2
3 2 2 2 1 1
3 2 2 2 1 2
3 2 2 2 2 1
3 2 2 2 3 1
3 2 2 2 3 2
3 2 3 1 1 1
3 2 3 1 1 2
3 2 3 1 2 1
3 2 3 1 2 2
3 2 3 1 3 2
3 2 3 2 1 1
3 2 3 2 1 2
3 2 3 2 2 1
3 2 3 2 2 2
3 2 3 2 3 1
3 3 1 1 1 2
3 3 1 1 1 3
3 3 1 1 2 1
3 3 1 1 2 2
3 3 1 1 2 3
3 3 1 1 3 1
3 3 1 1 3 2
3 3 1 1 3 3
3 3 1 2 1 1
3 3 1 2 1 3
3 3 1 2 2 1
3 3 1 2 2 2
3 3 1 2 2 3
3 3 1 2 3 1
3 3 1 2 3 2
3 3 1 2 3 3
3 3 1 3 1 1
3 3 1 3 1 2
3 3 1 3 2 1
3 3 1 3 2 2
3 3 1 3 2 3
3 3 1 3 3 1
3 3 1 3 3 2
3 3 1 3 3 3
3 3 2 1 1 1
3 3 2 1 1 2
3 3 2 1 1 3
3 3 2 1 2 2
3 3 2 1 2 3
3 3 2 1 3 1
3 3 2 1 3 2
3 3 2 1 3 3
3 3 2 2 1 1
3 3 2 2 1 2
3 3 2 2 1 3
3 3 2 2 2 1
3 3 2 2 2 3
3 3 2 2 3 1
3 3 2 2 3 2
3 3 2 2 3 3
3 3 2 3 1 1
3 3 2 3 1 2
3 3 2 3 1 3
3 3 2 3 2 1
3 3 2 3 2 2
3 3 2 3 3 1
3 3 2 3 3 2
3 3 2 3 3 3
3 3 3 1 1 1
3 3 3 1 1 2
3 3 3 1 1 3
3 3 3 1 2 1
3 3 3 1 2 2
3 3 3 1 2 3
3 3 3 1 3 2
3 3 3 1 3 3
3 3 3 2 1 1
3 3 3 2 1 2
3 3 3 2 1 3
3 3 3 2 2 1
3 3 3 2 2 2
3 3 3 2 2 3
3 3 3 2 3 1
3 3 3 2 3 3
3 3 3 3 1 1
3 3 3 3 1 2
3 3 3 3 1 3
3 3 3 3 2 1
3 3 3 3 2 2
3 3 3 3 2 3
3 3 3 3 3 1
3 3 3 3 3 2
4 1 1 1 2 1
4 1 1 1 3 1
4 1 1 1 4 1
4 1 2 1 1 1
4 1 2 1 3 1
4 1 2 1 4 1
4 1 3 1 1 1
4 1 3 1 2 1
4 1 3 1 4 1
4 1 4 1 1 1
4 1 4 1 2 1
4 1 4 1 3 1
4 2 1 1 1 2
4 2 1 1 2 1
4 2 1 1 2 2
4 2 1 1 3 1
4 2 1 1 3 2
4 2 1 1 4 1
4 2 1 1 4 2
4 2 1 2 1 1
4 2 1 2 2 1
4 2 1 2 2 2
4 2 1 2 3 1
4 2 1 2 3 2
4 2 1 2 4 1
4 2 1 2 4 2
4 2 2 1 1 1
4 2 2 1 1 2
4 2 2 1 2 2
4 2 2 1 3 1
4 2 2 1 3 2
4 2 2 1 4 1
4 2 2 1 4 2
4 2 2 2 1 1
4 2 2 2 1 2
4 2 2 2 2 1
4 2 2 2 3 1
4 2 2 2 3 2
4 2 2 2 4 1
4 2 2 2 4 2
4 2 3 1 1 1
4 2 3 1 1 2
4 2 3 1 2 1
4 2 3 1 2 2
4 2 3 1 3 2
4 2 3 1 4 1
4 2 3 1 4 2
4 2 3 2 1 1
4 2 3 2 1 2
4 2 3 2 2 1
4 2 3 2 2 2
4 2 3 2 3 1
4 2 3 2 4 1
4 2 3 2 4 2
4 2 4 1 1 1
4 2 4 1 1 2
4 2 4 1 2 1
4 2 4 1 2 2
4 2 4 1 3 1
4 2 4 1 3 2
4 2 4 1 4 2
4 2 4 2 1 1
4 2 4 2 1 2
4 2 4 2 2 1
4 2 4 2 2 2
4 2 4 2 3 1
4 2 4 2 3 2
4 2 4 2 4 1
4 3 1 1 1 2
4 3 1 1 1 3
4 3 1 1 2 1
4 3 1 1 2 2
4 3 1 1 2 3
4 3 1 1 3 1
4 3 1 1 3 2
4 3 1 1 3 3
4 3 1 1 4 1
4 3 1 1 4 2
4 3 1 1 4 3
4 3 1 2 1 1
4 3 1 2 1 3
4 3 1 2 2 1
4 3 1 2 2 2
4 3 1 2 2 3
4 3 1 2 3 1
4 3 1 2 3 2
4 3 1 2 3 3
4 3 1 2 4 1
4 3 1 2 4 2
4 3 1 2 4 3
4 3 1 3 1 1
4 3 1 3 1 2
4 3 1 3 2 1
4 3 1 3 2 2
4 3 1 3 2 3
4 3 1 3 3 1
4 3 1 3 3 2
4 3 1 3 3 3
4 3 1 3 4 1
4 3 1 3 4 2
4 3 1 3 4 3
4 3 2 1 1 1
4 3 2 1 1 2
4 3 2 1 1 3
4 3 2 1 2 2
4 3 2 1 2 3
4 3 2 1 3 1
4 3 2 1 3 2
4 3 2 1 3 3
4 3 2 1 4 1
4 3 2 1 4 2
4 3 2 1 4 3
4 3 2 2 1 1
4 3 2 2 1 2
4 3 2 2 1 3
4 3 2 2 2 1
4 3 2 2 2 3
4 3 2 2 3 1
4 3 2 2 3 2
4 3 2 2 3 3
4 3 2 2 4 1
4 3 2 2 4 2
4 3 2 2 4 3
4 3 2 3 1 1
4 3 2 3 1 2
4 3 2 3 1 3
4 3 2 3 2 1
4 3 2 3 2 2
4 3 2 3 3 1
4 3 2 3 3 2
4 3 2 3 3 3
4 3 2 3 4 1
4 3 2 3 4 2
4 3 2 3 4 3
4 3 3 1 1 1
4 3 3 1 1 2
4 3 3 1 1 3
4 3 3 1 2 1
4 3 3 1 2 2
4 3 3 1 2 3
4 3 3 1 3 2
4 3 3 1 3 3
4 3 3 1 4 1
4 3 3 1 4 2
4 3 3 1 4 3
4 3 3 2 1 1
4 3 3 2 1 2
4 3 3 2 1 3
4 3 3 2 2 1
4 3 3 2 2 2
4 3 3 2 2 3
4 3 3 2 3 1
4 3 3 2 3 3
4 3 3 2 4 1
4 3 3 2 4 2
4 3 3 2 4 3
4 3 3 3 1 1
4 3 3 3 1 2
4 3 3 3 1 3
4 3 3 3 2 1
4 3 3 3 2 2
4 3 3 3 2 3
4 3 3 3 3 1
4 3 3 3 3 2
4 3 3 3 4 1
4 3 3 3 4 2
4 3 3 3 4 3
4 3 4 1 1 1
4 3 4 1 1 2
4 3 4 1 1 3
4 3 4 1 2 1
4 3 4 1 2 2
4 3 4 1 2 3
4 3 4 1 3 1
4 3 4 1 3 2
4 3 4 1 3 3
4 3 4 1 4 2
4 3 4 1 4 3
4 3 4 2 1 1
4 3 4 2 1 2
4 3 4 2 1 3
4 3 4 2 2 1
4 3 4 2 2 2
4 3 4 2 2 3
4 3 4 2 3 1
4 3 4 2 3 2
4 3 4 2 3 3
4 3 4 2 4 1
4 3 4 2 4 3
4 3 4 3 1 1
4 3 4 3 1 2
4 3 4 3 1 3
4 3 4 3 2 1
4 3 4 3 2 2
4 3 4 3 2 3
4 3 4 3 3 1
4 3 4 3 3 2
4 3 4 3 3 3
4 3 4 3 4 1
4 3 4 3 4 2
1 4 1 1 1 2
1 4 1 1 1 3
1 4 1 1 1 4
1 4 1 2 1 1
1 4 1 2 1 3
1 4 1 2 1 4
1 4 1 3 1 1
1 4 1 3 1 2
1 4 1 3 1 4
1 4 1 4 1 1
1 4 1 4 1 2
1 4 1 4 1 3
2 4 1 1 1 2
2 4 1 1 1 3
2 4 1 1 1 4
2 4 1 1 2 1
2 4 1 1 2 2
2 4 1 1 2 3
2 4 1 1 2 4
2 4 1 2 1 1
2 4 1 2 1 3
2 4 1 2 1 4
2 4 1 2 2 1
2 4 1 2 2 2
2 4 1 2 2 3
2 4 1 2 2 4
2 4 1 3 1 1
2 4 1 3 1 2
2 4 1 3 1 4
2 4 1 3 2 1
2 4 1 3 2 2
2 4 1 3 2 3
2 4 1 3 2 4
2 4 1 4 1 1
2 4 1 4 1 2
2 4 1 4 1 3
2 4 1 4 2 1
2 4 1 4 2 2
2 4 1 4 2 3
2 4 1 4 2 4
2 4 2 1 1 1
2 4 2 1 1 2
2 4 2 1 1 3
2 4 2 1 1 4
2 4 2 1 2 2
2 4 2 1 2 3
2 4 2 1 2 4
2 4 2 2 1 1
2 4 2 2 1 2
2 4 2 2 1 3
2 4 2 2 1 4
2 4 2 2 2 1
2 4 2 2 2 3
2 4 2 2 2 4
2 4 2 3 1 1
2 4 2 3 1 2
2 4 2 3 1 3
2 4 2 3 1 4
2 4 2 3 2 1
2 4 2 3 2 2
2 4 2 3 2 4
2 4 2 4 1 1
2 4 2 4 1 2
2 4 2 4 1 3
2 4 2 4 1 4
2 4 2 4 2 1
2 4 2 4 2 2
2 4 2 4 2 3
3 4 1 1 1 2
3 4 1 1 1 3
3 4 1 1 1 4
3 4 1 1 2 1
3 4 1 1 2 2
3 4 1 1 2 3
3 4 1 1 2 4
3 4 1 1 3 1
3 4 1 1 3 2
3 4 1 1 3 3
3 4 1 1 3 4
3 4 1 2 1 1
3 4 1 2 1 3
3 4 1 2 1 4
3 4 1 2 2 1
3 4 1 2 2 2
3 4 1 2 2 3
3 4 1 2 2 4
3 4 1 2 3 1
3 4 1 2 3 2
3 4 1 2 3 3
3 4 1 2 3 4
3 4 1 3 1 1
3 4 1 3 1 2
3 4 1 3 1 4
3 4 1 3 2 1
3 4 1 3 2 2
3 4 1 3 2 3
3 4 1 3 2 4
3 4 1 3 3 1
3 4 1 3 3 2
3 4 1 3 3 3
3 4 1 3 3 4
3 4 1 4 1 1
3 4 1 4 1 2
3 4 1 4 1 3
3 4 1 4 2 1
3 4 1 4 2 2
3 4 1 4 2 3
3 4 1 4 2 4
3 4 1 4 3 1
3 4 1 4 3 2
3 4 1 4 3 3
3 4 1 4 3 4
3 4 2 1 1 1
3 4 2 1 1 2
3 4 2 1 1 3
3 4 2 1 1 4
3 4 2 1 2 2
3 4 2 1 2 3
3 4 2 1 2 4
3 4 2 1 3 1
3 4 2 1 3 2
3 4 2 1 3 3
3 4 2 1 3 4
3 4 2 2 1 1
3 4 2 2 1 2
3 4 2 2 1 3
3 4 2 2 1 4
3 4 2 2 2 1
3 4 2 2 2 3
3 4 2 2 2 4
3 4 2 2 3 1
3 4 2 2 3 2
3 4 2 2 3 3
3 4 2 2 3 4
3 4 2 3 1 1
3 4 2 3 1 2
3 4 2 3 1 3
3 4 2 3 1 4
3 4 2 3 2 1
3 4 2 3 2 2
3 4 2 3 2 4
3 4 2 3 3 1
3 4 2 3 3 2
3 4 2 3 3 3
3 4 2 3 3 4
3 4 2 4 1 1
3 4 2 4 1 2
3 4 2 4 1 3
3 4 2 4 1 4
3 4 2 4 2 1
3 4 2 4 2 2
3 4 2 4 2 3
3 4 2 4 3 1
3 4 2 4 3 2
3 4 2 4 3 3
3 4 2 4 3 4
3 4 3 1 1 1
3 4 3 1 1 2
3 4 3 1 1 3
3 4 3 1 1 4
3 4 3 1 2 1
3 4 3 1 2 2
3 4 3 1 2 3
3 4 3 1 2 4
3 4 3 1 3 2
3 4 3 1 3 3
3 4 3 1 3 4
3 4 3 2 1 1
3 4 3 2 1 2
3 4 3 2 1 3
3 4 3 2 1 4
3 4 3 2 2 1
3 4 3 2 2 2
3 4 3 2 2 3
3 4 3 2 2 4
3 4 3 2 3 1
3 4 3 2 3 3
3 4 3 2 3 4
3 4 3 3 1 1
3 4 3 3 1 2
3 4 3 3 1 3
3 4 3 3 1 4
3 4 3 3 2 1
3 4 3 3 2 2
3 4 3 3 2 3
3 4 3 3 2 4
3 4 3 3 3 1
3 4 3 3 3 2
3 4 3 3 3 4
3 4 3 4 1 1
3 4 3 4 1 2
3 4 3 4 1 3
3 4 3 4 1 4
3 4 3 4 2 1
3 4 3 4 2 2
3 4 3 4 2 3
3 4 3 4 2 4
3 4 3 4 3 1
3 4 3 4 3 2
3 4 3 4 3 3
4 4 1 1 1 2
4 4 1 1 1 3
4 4 1 1 1 4
4 4 1 1 2 1
4 4 1 1 2 2
4 4 1 1 2 3
4 4 1 1 2 4
4 4 1 1 3 1
4 4 1 1 3 2
4 4 1 1 3 3
4 4 1 1 3 4
4 4 1 1 4 1
4 4 1 1 4 2
4 4 1 1 4 3
4 4 1 1 4 4
4 4 1 2 1 1
4 4 1 2 1 3
4 4 1 2 1 4
4 4 1 2 2 1
4 4 1 2 2 2
4 4 1 2 2 3
4 4 1 2 2 4
4 4 1 2 3 1
4 4 1 2 3 2
4 4 1 2 3 3
4 4 1 2 3 4
4 4 1 2 4 1
4 4 1 2 4 2
4 4 1 2 4 3
4 4 1 2 4 4
4 4 1 3 1 1
4 4 1 3 1 2
4 4 1 3 1 4
4 4 1 3 2 1
4 4 1 3 2 2
4 4 1 3 2 3
4 4 1 3 2 4
4 4 1 3 3 1
4 4 1 3 3 2
4 4 1 3 3 3
4 4 1 3 3 4
4 4 1 3 4 1
4 4 1 3 4 2
4 4 1 3 4 3
4 4 1 3 4 4
4 4 1 4 1 1
4 4 1 4 1 2
4 4 1 4 1 3
4 4 1 4 2 1
4 4 1 4 2 2
4 4 1 4 2 3
4 4 1 4 2 4
4 4 1 4 3 1
4 4 1 4 3 2
4 4 1 4 3 3
4 4 1 4 3 4
4 4 1 4 4 1
4 4 1 4 4 2
4 4 1 4 4 3
4 4 1 4 4 4
4 4 2 1 1 1
4 4 2 1 1 2
4 4 2 1 1 3
4 4 2 1 1 4
4 4 2 1 2 2
4 4 2 1 2 3
4 4 2 1 2 4
4 4 2 1 3 1
4 4 2 1 3 2
4 4 2 1 3 3
4 4 2 1 3 4
4 4 2 1 4 1
4 4 2 1 4 2
4 4 2 1 4 3
4 4 2 1 4 4
4 4 2 2 1 1
4 4 2 2 1 2
4 4 2 2 1 3
4 4 2 2 1 4
4 4 2 2 2 1
4 4 2 2 2 3
4 4 2 2 2 4
4 4 2 2 3 1
4 4 2 2 3 2
4 4 2 2 3 3
4 4 2 2 3 4
4 4 2 2 4 1
4 4 2 2 4 2
4 4 2 2 4 3
4 4 2 2 4 4
4 4 2 3 1 1
4 4 2 3 1 2
4 4 2 3 1 3
4 4 2 3 1 4
4 4 2 3 2 1
4 4 2 3 2 2
4 4 2 3 2 4
4 4 2 3 3 1
4 4 2 3 3 2
4 4 2 3 3 3
4 4 2 3 3 4
4 4 2 3 4 1
4 4 2 3 4 2
4 4 2 3 4 3
4 4 2 3 4 4
4 4 2 4 1 1
4 4 2 4 1 2
4 4 2 4 1 3
4 4 2 4 1 4
4 4 2 4 2 1
4 4 2 4 2 2
4 4 2 4 2 3
4 4 2 4 3 1
4 4 2 4 3 2
4 4 2 4 3 3
4 4 2 4 3 4
4 4 2 4 4 1
4 4 2 4 4 2
4 4 2 4 4 3
4 4 2 4 4 4
4 4 3 1 1 1
4 4 3 1 1 2
4 4 3 1 1 3
4 4 3 1 1 4
4 4 3 1 2 1
4 4 3 1 2 2
4 4 3 1 2 3
4 4 3 1 2 4
4 4 3 1 3 2
4 4 3 1 3 3
4 4 3 1 3 4
4 4 3 1 4 1
4 4 3 1 4 2
4 4 3 1 4 3
4 4 3 1 4 4
4 4 3 2 1 1
4 4 3 2 1 2
4 4 3 2 1 3
4 4 3 2 1 4
4 4 3 2 2 1
4 4 3 2 2 2
4 4 3 2 2 3
4 4 3 2 2 4
4 4 3 2 3 1
4 4 3 2 3 3
4 4 3 2 3 4
4 4 3 2 4 1
4 4 3 2 4 2
4 4 3 2 4 3
4 4 3 2 4 4
4 4 3 3 1 1
4 4 3 3 1 2
4 4 3 3 1 3
4 4 3 3 1 4
4 4 3 3 2 1
4 4 3 3 2 2
4 4 3 3 2 3
4 4 3 3 2 4
4 4 3 3 3 1
4 4 3 3 3 2
4 4 3 3 3 4
4 4 3 3 4 1
4 4 3 3 4 2
4 4 3 3 4 3
4 4 3 3 4 4
4 4 3 4 1 1
4 4 3 4 1 2
4 4 3 4 1 3
4 4 3 4 1 4
4 4 3 4 2 1
4 4 3 4 2 2
4 4 3 4 2 3
4 4 3 4 2 4
4 4 3 4 3 1
4 4 3 4 3 2
4 4 3 4 3 3
4 4 3 4 4 1
4 4 3 4 4 2
4 4 3 4 4 3
4 4 3 4 4 4
4 4 4 1 1 1
4 4 4 1 1 2
4 4 4 1 1 3
4 4 4 1 1 4
4 4 4 1 2 1
4 4 4 1 2 2
4 4 4 1 2 3
4 4 4 1 2 4
4 4 4 1 3 1
4 4 4 1 3 2
4 4 4 1 3 3
4 4 4 1 3 4
4 4 4 1 4 2
4 4 4 1 4 3
4 4 4 1 4 4
4 4 4 2 1 1
4 4 4 2 1 2
4 4 4 2 1 3
4 4 4 2 1 4
4 4 4 2 2 1
4 4 4 2 2 2
4 4 4 2 2 3
4 4 4 2 2 4
4 4 4 2 3 1
4 4 4 2 3 2
4 4 4 2 3 3
4 4 4 2 3 4
4 4 4 2 4 1
4 4 4 2 4 3
4 4 4 2 4 4
4 4 4 3 1 1
4 4 4 3 1 2
4 4 4 3 1 3
4 4 4 3 1 4
4 4 4 3 2 1
4 4 4 3 2 2
4 4 4 3 2 3
4 4 4 3 2 4
4 4 4 3 3 1
4 4 4 3 3 2
4 4 4 3 3 3
4 4 4 3 3 4
4 4 4 3 4 1
4 4 4 3 4 2
4 4 4 3 4 4
4 4 4 4 1 1
4 4 4 4 1 2
4 4 4 4 1 3
4 4 4 4 1 4
4 4 4 4 2 1
4 4 4 4 2 2
4 4 4 4 2 3
4 4 4 4 2 4
4 4 4 4 3 1
4 4 4 4 3 2
4 4 4 4 3 3
4 4 4 4 3 4
4 4 4 4 4 1
4 4 4 4 4 2
4 4 4 4 4 3
4 4 4 3 2 2
4 4 3 1 3 4
4 4 2 1 4 2
4 4 3 4 2 4
4 4 2 1 2 2
4 4 3 4 2 4
4 4 3 3 1 4
4 4 4 4 4 1
4 4 2 2 2 1
4 4 3 4 2 4
4 4 2 4 4 3
4 4 1 3 2 1
4 4 2 3 3 3
4 4 1 2 1 3
4 4 3 4 2 2
4 4 2 3 2 2
4 4 3 1 1 2
4 4 2 2 2 1
4 4 1 4 4 4
4 4 2 3 2 4
4 4 3 4 1 3
4 4 4 1 2 2
4 4 2 2 2 3
4 4 2 3 2 2
4 4 2 2 1 4
4 4 2 2 3 4
4 4 3 1 4 1
4 4 1 2 2 2
4 4 1 1 3 2
4 4 1 2 3 1
4 4 1 3 3 2
4 4 2 4 1 4
4 4 1 1 2 3
4 4 3 2 3 3
4 4 3 4 2 2
4 4 1 3 3 2
4 4 2 1 2 2
4 4 1 2 1 3
4 4 3 2 3 1
4 4 2 4 1 2
4 4 4 2 2 3
4 4 1 2 1 1
4 4 3 4 4 2
4 4 1 4 3 1
4 4 1 1 2 3
4 4 2 1 3 1
4 4 3 3 3 4
4 4 1 2 4 2
4 4 3 3 3 2
4 4 1 2 3 1
4 4 4 4 4 3
4 4 2 3 1 1
4 4 1 2 1 3
4 4 1 1 4 3
4 4 4 1 4 4
4 4 1 3 4 3
4 4 3 1 4 1
4 4 1 1 2 3
4 4 3 2 1 3
4 4 2 4 2 3
4 4 2 2 3 4
4 4 3 4 1 1
4 4 1 3 2 3
4 4 4 2 3 2
4 4 3 1 1 2
4 4 4 3 4 4
4 4 3 4 3 1
4 4 4 2 3 2
4 4 3 3 1 2
4 4 4 1 4 2
4 4 2 1 3 1
4 4 3 2 3 3
4 4 4 1 2 2
4 4 1 3 4 3
4 4 1 2 2 4
4 4 3 3 1 4
4 4 2 3 4 4
4 4 1 3 1 4
4 4 4 3 1 3
4 4 1 2 1 3
4 4 2 4 2 1
4 4 2 1 2 2
4 4 2 4 2 1
4 4 4 4 2 3
4 4 3 4 2 4
4 4 3 4 2 4
4 4 3 3 1 2
4 4 1 2 3 3
4 4 2 1 4 4
4 4 3 3 2 1
4 4 1 1 1 4
4 4 4 1 3 1
4 4 1 4 3 3
4 4 2 2 2 1
4 4 2 2 4 1
4 4 4 3 1 1
4 4 3 4 1 3
4 4 4 4 3 2
4 4 2 2 1 2
4 4 3 2 1 3
4 4 1 2 4 2
4 4 4 3 2 2
4 4 4 3 1 3
4 4 4 2 1 2
4 4 3 1 4 1
4 4 3 4 4 2
4 4 3 2 2 4
4 4 1 4 1 1
4 4 2 3 2 2
4 4 4 1 3 3
4 4 2 2 3 2
4 4 1 1 1 4
4 4 3 3 3 4
4 4 3 4 4 4
4 4 4 3 3 1
4 4 4 4 3 4
4 4 2 1 1 3
4 4 2 2 2 1
4 4 2 2 2 3
4 4 3 2 3 1
4 4 4 4 4 1
4 4 2 3 1 3
4 4 4 3 4 4
4 4 1 3 2 3
4 4 2 2 3 4
4 4 2 2 2 1
4 4 1 2 4 4
4 4 1 1 4 1
4 4 2 1 2 4
4 4 1 3 1 2
4 4 4 3 2 2
4 4 3 1 3 2
4 4 2 3 2 2
4 4 3 4 1 3
4 4 4 3 2 2
4 4 3 4 4 4
4 4 2 1 4 4
4 4 4 1 3 1
4 4 3 3 1 4
4 4 4 3 1 1
4 4 1 2 3 1
4 4 4 3 2 4
4 4 3 2 1 3
4 4 2 2 4 3
4 4 4 3 4 2
4 4 1 4 4 4
4 4 1 3 1 4
4 4 1 2 2 2
4 4 4 3 4 2
4 4 2 4 2 3
4 4 4 2 4 3
4 4 3 2 2 2
4 4 1 2 4 2
4 4 2 2 2 1
4 4 4 1 3 1
4 4 2 4 4 3
4 4 3 4 1 3
4 4 4 1 2 4
4 4 4 1 2 4
4 4 2 4 2 1
4 4 4 2 3 4
4 4 1 3 1 2
4 4 3 3 4 1
4 4 2 1 3 3
4 4 4 3 2 4
4 4 2 4 1 2
4 4 3 1 4 1
4 4 3 2 1 1
4 4 1 4 3 1
4 4 1 3 4 1
4 4 1 2 1 3
4 4 1 3 2 1
4 4 3 4 3 1
4 4 2 3 4 4
4 4 3 1 2 1
4 4 3 1 2 1
4 4 4 4 4 1
4 4 2 3 4 4
4 4 3 2 2 4
4 4 1 2 3 1
4 4 1 1 2 1
4 4 3 1 3 2
4 4 1 2 1 1
4 4 2 1 3 1
4 4 2 4 3 2
4 4 2 2 1 4
4 4 1 2 1 1
4 4 4 1 2 2
4 4 2 2 1 4
4 4 2 1 3 3
4 4 2 2 2 1
4 4 2 4 1 2
4 4 4 4 4 3
4 4 4 4 1 2
4 4 3 1 2 1
4 4 3 1 2 3
4 4 4 3 4 2
4 4 2 1 4 4
4 4 4 1 2 4
4 4 2 2 4 3
4 4 3 3 3 4
4 4 2 2 4 3
4 4 1 4 1 1
4 4 2 4 4 1
4 4 4 3 1 1
4 4 1 4 1 3
4 4 2 4 2 3
4 4 4 1 1 3
4 4 2 1 2 2
4 4 4 2 3 4
4 4 1 3 4 1
4 4 4 1 2 4
4 4 3 2 2 2
4 4 3 1 3 4
4 4 4 1 4 4
4 4 4 4 1 4
4 4 4 1 2 2
4 4 3 2 3 3
4 4 3 4 4 2
4 4 1 2 2 2
4 4 4 3 1 3
4 4 2 2 2 1
4 4 2 3 3 1
4 4 1 4 4 4
4 4 3 1 3 2
4 4 4 2 4 1
4 4 2 1 3 3
4 4 1 3 3 2
4 4 4 4 2 1
4 4 1 4 1 3
4 4 2 1 1 1
4 4 2 2 3 2
4 4 4 3 1 3
4 4 2 1 2 4
4 4 3 1 1 4
4 4 1 4 1 1
4 4 2 2 3 4
4 4 3 4 3 3
4 4 3 1 4 3
4 4 1 2 3 1
4 4 2 2 3 2
4 4 3 4 2 4
4 4 2 1 2 2
4 4 3 2 4 4
4 4 2 1 3 1
4 4 3 4 4 2
4 4 2 1 1 3
4 4 3 3 4 3
4 4 2 3 3 1
4 4 4 1 3 1
4 4 1 3 2 3
4 4 1 3 4 1
4 4 3 3 3 4
4 4 2 1 3 1
4 4 1 4 4 4
4 4 2 4 1 2
4 4 4 1 4 4
4 4 2 2 1 4
4 4 4 3 1 1
4 4 3 4 2 2
4 4 4 3 2 2
4 4 2 2 2 1
4 4 1 3 3 4
4 4 3 4 3 3
4 4 3 3 2 1
4 4 3 1 4 3
4 4 4 1 1 3
4 4 4 4 2 1
4 4 4 4 4 3
4 4 2 2 1 2
4 4 4 4 3 4
4 4 3 3 1 2
4 4 3 4 2 4
4 4 1 2 4 4
4 4 3 3 2 1
4 4 3 3 2 3
4 4 2 4 1 2
4 4 3 1 4 1
4 4 3 1 3 2
4 4 1 2 3 1
4 4 2 4 1 2
4 4 1 3 2 3
4 4 2 1 1 3
4 4 4 4 1 4
4 4 4 2 4 1
4 4 3 2 2 4
4 4 2 4 3 4
4 4 2 3 4 4
4 4 3 1 4 3
4 4 1 4 3 3
4 4 3 4 3 3
4 4 1 3 4 3
4 4 1 1 3 2
4 4 1 1 4 3
4 4 1 4 3 3
4 4 1 4 2 4
4 4 4 3 2 2
4 4 4 1 3 1
4 4 3 3 3 4
4 4 3 2 3 3
4 4 2 2 1 2
4 4 3 3 2 1
4 4 2 4 4 1
4 4 2 3 3 1
4 4 1 1 1 4
4 4 2 4 2 1
4 4 2 2 2 3
4 4 3 3 1 2
4 4 3 1 4 1
4 4 1 4 3 3
4 4 3 2 4 2
4 4 1 1 2 3
4 4 3 4 1 1
4 4 4 1 2 2
4 4 4 3 2 2
4 4 3 4 3 3
4 4 3 1 1 4
4 4 4 4 4 3
4 4 2 4 4 1
4 4 4 4 1 2
4 4 3 4 3 3
4 4 1 4 3 3
4 4 2 3 2 2
4 4 3 2 2 2
4 4 3 4 3 1
4 4 2 3 1 1
4 4 3 2 4 4
4 4 1 3 2 1
4 4 2 3 1 1
4 4 2 4 4 1
4 4 4 4 2 1
4 4 2 2 1 4
4 4 4 4 2 3
4 4 2 2 4 3
4 4 3 3 4 1
4 4 3 1 1 2
4 4 4 2 2 3
4 4 4 2 3 2
4 4 4 3 3 1
4 4 3 3 2 1
4 4 4 1 1 3
4 4 4 2 2 1
4 4 4 4 1 2
4 4 1 4 1 1
4 4 4 2 2 3
4 4 3 4 3 1
4 4 3 1 1 2
4 4 2 4 3 4
4 4 3 2 4 2
4 4 1 1 1 2
4 4 2 2 4 3
4 4 1 4 1 1
4 4 3 4 1 3
4 4 2 4 3 4
4 4 4 3 1 3
4 4 1 4 4 2
4 4 4 2 2 3
4 4 3 2 1 1
4 4 4 2 3 2
4 4 2 2 4 3
4 4 1 1 3 4
4 4 2 2 1 2
4 4 3 4 4 2
4 4 1 1 4 1
4 4 2 2 4 1
4 4 4 4 4 3
4 4 4 2 1 2
4 4 4 4 2 3
4 4 3 4 2 2
4 4 3 1 2 1
4 4 2 3 2 4
4 4 2 2 1 2
4 4 3 3 3 2
4 4 4 3 4 4
4 4 3 1 4 1
4 4 1 3 3 4
4 4 2 2 2 1
4 4 3 2 3 3
4 4 1 3 4 1
4 4 4 1 1 3
4 4 1 2 1 3
4 4 4 1 3 1
4 4 3 1 1 2
4 4 1 2 1 1
4 4 4 4 1 4
4 4 2 4 2 1
4 4 4 4 4 1
4 4 4 2 4 3
4 4 2 2 4 1
4 4 2 4 1 4
4 4 3 4 3 1
4 4 4 2 4 3
4 4 3 1 2 3
4 4 1 3 2 3
4 4 4 1 3 1
4 4 2 3 4 2
4 4 4 1 1 3
4 4 1 1 4 1
4 4 3 4 1 1
4 4 2 1 4 2
4 4 1 4 2 2
4 4 2 3 2 4
4 4 4 1 1 3
4 4 3 1 2 3
4 4 3 2 2 4
4 4 4 3 4 4
4 4 1 2 1 1
4 4 3 3 2 3
4 4 3 3 4 3
4 4 2 2 3 4
4 4 2 4 1 4
4 4 3 2 4 4
4 4 3 1 2 1
4 4 3 1 1 2
4 4 2 2 4 3
4 4 4 3 2 4
4 4 4 1 1 1
4 4 3 4 3 1
4 4 4 2 3 4
4 4 3 3 1 2
4 4 4 3 3 1
4 4 1 2 4 4
4 4 4 4 3 4
4 4 3 1 4 1
4 4 4 4 2 3
4 4 2 2 1 2
4 4 2 1 1 1
4 4 1 3 4 3
4 4 1 4 1 3
4 4 2 3 3 3
4 4 2 1 1 3
4 4 4 3 1 3
4 4 1 3 2 3
4 4 1 3 2 3
4 4 4 3 2 4
4 4 4 3 4 2
4 4 1 4 4 4
4 4 1 3 4 3
4 4 1 4 2 2
4 4 2 3 3 3
4 4 4 4 4 1
4 4 2 1 4 4
4 4 4 4 3 4
4 4 4 2 4 1
4 4 3 1 1 4
4 4 2 2 4 3
4 4 4 2 1 4
4 4 2 1 4 4
4 4 4 4 1 4
4 4 3 2 2 2
4 4 3 2 4 2
4 4 1 1 4 3
4 4 1 4 2 2
4 4 3 3 4 3
4 4 2 1 1 1
4 4 4 2 3 2
4 4 3 1 4 3
4 4 2 3 3 1
4 4 3 1 4 3
4 4 1 1 4 1
4 4 2 4 2 1
4 4 3 1 4 3
4 4 2 4 4 1
4 4 2 4 1 4
4 4 1 3 2 1
4 4 4 4 4 3
4 4 2 1 1 3
4 4 4 2 4 3
4 4 4 2 2 1
4 4 1 3 4 1
4 4 3 2 3 1
4 4 1 2 4 4
4 4 2 1 3 3
4 4 3 4 3 3
4 4 2 3 4 2
4 4 1 2 1 1
4 4 4 4 3 4
4 4 3 2 4 4
4 4 2 2 3 2
4 4 1 1 4 1
4 4 2 4 4 1
4 4 2 3 2 4
4 4 2 2 2 3
4 4 3 1 2 3
4 4 1 4 4 4
4 4 1 3 2 1
4 4 2 3 1 3
4 4 3 2 3 1
4 4 1 1 3 4
4 4 1 2 1 1
4 4 4 1 4 2
4 4 2 2 1 4
4 4 4 3 4 4
4 4 2 3 1 1
4 4 1 1 4 1
4 4 3 4 1 3
4 4 2 1 4 4
4 4 2 1 2 4
4 4 2 1 4 4
4 4 3 4 2 4
1 12 1 10 1 11
3 44 3 24 3 32
4 198 4 46 3 41
2 2 2 1 1 2
4 117 2 1 3 19
2 158 2 154 1 113
1 194 1 130 1 73
4 61 1 61 4 1
4 171 4 154 1 6
1 100 1 79 1 1
1 101 1 33 1 92
2 166 2 2 2 113
4 24 2 13 4 4
4 199 3 176 4 46
1 136 1 2 1 42
3 167 3 63 3 96
1 134 1 49 1 134
4 134 4 123 1 1
2 132 1 2 2 1
4 180 3 31 1 94
2 114 1 76 2 22
4 186 1 109 3 166
2 11 2 9 2 11
1 37 1 1 1 3
3 151 2 61 3 151
1 105 1 49 1 97
3 174 3 121 3 92
1 195 1 93 1 145
2 62 1 1 2 28
1 186 1 62 1 156
2 118 2 47 2 88
2 102 1 65 1 58
3 21 1 1 3 11
3 6 1 1 1 2
3 6 1 1 1 3
3 6 1 1 1 4
3 6 1 1 1 5
3 6 1 1 1 6
3 6 1 1 2 1
3 6 1 1 2 2
3 6 1 1 2 3
3 6 1 1 2 4
3 6 1 1 2 5
3 6 1 1 2 6
3 6 1 1 3 1
3 6 1 1 3 2
3 6 1 1 3 3
3 6 1 1 3 4
3 6 1 1 3 5
3 6 1 1 3 6
3 6 1 2 1 1
3 6 1 2 1 3
3 6 1 2 1 4
3 6 1 2 1 5
3 6 1 2 1 6
3 6 1 2 2 1
3 6 1 2 2 2
3 6 1 2 2 3
3 6 1 2 2 4
3 6 1 2 2 5
3 6 1 2 2 6
3 6 1 2 3 1
3 6 1 2 3 2
3 6 1 2 3 3
3 6 1 2 3 4
3 6 1 2 3 5
3 6 1 2 3 6
3 6 1 3 1 1
3 6 1 3 1 2
3 6 1 3 1 4
3 6 1 3 1 5
3 6 1 3 1 6
3 6 1 3 2 1
3 6 1 3 2 2
3 6 1 3 2 3
3 6 1 3 2 4
3 6 1 3 2 5
3 6 1 3 2 6
3 6 1 3 3 1
3 6 1 3 3 2
3 6 1 3 3 3
3 6 1 3 3 4
3 6 1 3 3 5
3 6 1 3 3 6
3 6 1 4 1 1
3 6 1 4 1 2
3 6 1 4 1 3
3 6 1 4 1 5
3 6 1 4 1 6
3 6 1 4 2 1
3 6 1 4 2 2
3 6 1 4 2 3
3 6 1 4 2 4
3 6 1 4 2 5
3 6 1 4 2 6
3 6 1 4 3 1
3 6 1 4 3 2
3 6 1 4 3 3
3 6 1 4 3 4
3 6 1 4 3 5
3 6 1 4 3 6
3 6 1 5 1 1
3 6 1 5 1 2
3 6 1 5 1 3
3 6 1 5 1 4
3 6 1 5 1 6
3 6 1 5 2 1
3 6 1 5 2 2
3 6 1 5 2 3
3 6 1 5 2 4
3 6 1 5 2 5
3 6 1 5 2 6
3 6 1 5 3 1
3 6 1 5 3 2
3 6 1 5 3 3
3 6 1 5 3 4
3 6 1 5 3 5
3 6 1 5 3 6
3 6 1 6 1 1
3 6 1 6 1 2
3 6 1 6 1 3
3 6 1 6 1 4
3 6 1 6 1 5
3 6 1 6 2 1
3 6 1 6 2 2
3 6 1 6 2 3
3 6 1 6 2 4
3 6 1 6 2 5
3 6 1 6 2 6
3 6 1 6 3 1
3 6 1 6 3 2
3 6 1 6 3 3
3 6 1 6 3 4
3 6 1 6 3 5
3 6 1 6 3 6
3 6 2 1 1 1
3 6 2 1 1 2
3 6 2 1 1 3
3 6 2 1 1 4
3 6 2 1 1 5
3 6 2 1 1 6
3 6 2 1 2 2
3 6 2 1 2 3
3 6 2 1 2 4
3 6 2 1 2 5
3 6 2 1 2 6
3 6 2 1 3 1
3 6 2 1 3 2
3 6 2 1 3 3
3 6 2 1 3 4
3 6 2 1 3 5
3 6 2 1 3 6
3 6 2 2 1 1
3 6 2 2 1 2
3 6 2 2 1 3
3 6 2 2 1 4
3 6 2 2 1 5
3 6 2 2 1 6
3 6 2 2 2 1
3 6 2 2 2 3
3 6 2 2 2 4
3 6 2 2 2 5
3 6 2 2 2 6
3 6 2 2 3 1
3 6 2 2 3 2
3 6 2 2 3 3
3 6 2 2 3 4
3 6 2 2 3 5
3 6 2 2 3 6
3 6 2 3 1 1
3 6 2 3 1 2
3 6 2 3 1 3
3 6 2 3 1 4
3 6 2 3 1 5
3 6 2 3 1 6
3 6 2 3 2 1
3 6 2 3 2 2
3 6 2 3 2 4
3 6 2 3 2 5
3 6 2 3 2 6
3 6 2 3 3 1
3 6 2 3 3 2
3 6 2 3 3 3
3 6 2 3 3 4
3 6 2 3 3 5
3 6 2 3 3 6
3 6 2 4 1 1
3 6 2 4 1 2
3 6 2 4 1 3
3 6 2 4 1 4
3 6 2 4 1 5
3 6 2 4 1 6
3 6 2 4 2 1
3 6 2 4 2 2
3 6 2 4 2 3
3 6 2 4 2 5
3 6 2 4 2 6
3 6 2 4 3 1
3 6 2 4 3 2
3 6 2 4 3 3
3 6 2 4 3 4
3 6 2 4 3 5
3 6 2 4 3 6
3 6 2 5 1 1
3 6 2 5 1 2
3 6 2 5 1 3
3 6 2 5 1 4
3 6 2 5 1 5
3 6 2 5 1 6
3 6 2 5 2 1
3 6 2 5 2 2
3 6 2 5 2 3
3 6 2 5 2 4
3 6 2 5 2 6
3 6 2 5 3 1
3 6 2 5 3 2
3 6 2 5 3 3
3 6 2 5 3 4
3 6 2 5 3 5
3 6 2 5 3 6
3 6 2 6 1 1
3 6 2 6 1 2
3 6 2 6 1 3
3 6 2 6 1 4
3 6 2 6 1 5
3 6 2 6 1 6
3 6 2 6 2 1
3 6 2 6 2 2
3 6 2 6 2 3
3 6 2 6 2 4
3 6 2 6 2 5
3 6 2 6 3 1
3 6 2 6 3 2
3 6 2 6 3 3
3 6 2 6 3 4
3 6 2 6 3 5
3 6 2 6 3 6
3 6 3 1 1 1
3 6 3 1 1 2
3 6 3 1 1 3
3 6 3 1 1 4
3 6 3 1 1 5
3 6 3 1 1 6
3 6 3 1 2 1
3 6 3 1 2 2
3 6 3 1 2 3
3 6 3 1 2 4
3 6 3 1 2 5
3 6 3 1 2 6
3 6 3 1 3 2
3 6 3 1 3 3
3 6 3 1 3 4
3 6 3 1 3 5
3 6 3 1 3 6
3 6 3 2 1 1
3 6 3 2 1 2
3 6 3 2 1 3
3 6 3 2 1 4
3 6 3 2 1 5
3 6 3 2 1 6
3 6 3 2 2 1
3 6 3 2 2 2
3 6 3 2 2 3
3 6 3 2 2 4
3 6 3 2 2 5
3 6 3 2 2 6
3 6 3 2 3 1
3 6 3 2 3 3
3 6 3 2 3 4
3 6 3 2 3 5
3 6 3 2 3 6
3 6 3 3 1 1
3 6 3 3 1 2
3 6 3 3 1 3
3 6 3 3 1 4
3 6 3 3 1 5
3 6 3 3 1 6
3 6 3 3 2 1
3 6 3 3 2 2
3 6 3 3 2 3
3 6 3 3 2 4
3 6 3 3 2 5
3 6 3 3 2 6
3 6 3 3 3 1
3 6 3 3 3 2
3 6 3 3 3 4
3 6 3 3 3 5
3 6 3 3 3 6
3 6 3 4 1 1
3 6 3 4 1 2
3 6 3 4 1 3
3 6 3 4 1 4
3 6 3 4 1 5
3 6 3 4 1 6
3 6 3 4 2 1
3 6 3 4 2 2
3 6 3 4 2 3
3 6 3 4 2 4
3 6 3 4 2 5
3 6 3 4 2 6
3 6 3 4 3 1
3 6 3 4 3 2
3 6 3 4 3 3
3 6 3 4 3 5
3 6 3 4 3 6
3 6 3 5 1 1
3 6 3 5 1 2
3 6 3 5 1 3
3 6 3 5 1 4
3 6 3 5 1 5
3 6 3 5 1 6
3 6 3 5 2 1
3 6 3 5 2 2
3 6 3 5 2 3
3 6 3 5 2 4
3 6 3 5 2 5
3 6 3 5 2 6
3 6 3 5 3 1
3 6 3 5 3 2
3 6 3 5 3 3
3 6 3 5 3 4
3 6 3 5 3 6
3 6 3 6 1 1
3 6 3 6 1 2
3 6 3 6 1 3
3 6 3 6 1 4
3 6 3 6 1 5
3 6 3 6 1 6
3 6 3 6 2 1
3 6 3 6 2 2
3 6 3 6 2 3
3 6 3 6 2 4
3 6 3 6 2 5
3 6 3 6 2 6
3 6 3 6 3 1
3 6 3 6 3 2
3 6 3 6 3 3
3 6 3 6 3 4
3 6 3 6 3 5
4 200 1 177 1 33
4 200 2 43 1 105
4 200 1 108 4 120
4 199 4 160 4 127
4 200 2 106 4 197
4 200 1 192 1 1
4 199 4 1 4 177
4 200 4 1 1 166
4 200 1 58 2 68
4 199 3 69 3 192
4 200 4 36 4 97
4 199 3 83 3 100
4 199 1 132 4 1
4 200 1 184 4 1
4 199 2 132 3 106
4 199 3 170 1 20
4 199 1 168 3 4
4 199 1 7 4 1
4 199 1 133 4 51
101 174 37 174 101 2
91 82 1 1 91 1
47 162 47 162 1 36
45 98 45 56 2 34
51 29 1 2 2 4
90 133 2 131 89 78
49 47 48 3 48 2
196 189 2 1 191 2
31 120 15 120 30 49
3 65 1 11 2 65
124 143 59 2 1 118
192 94 79 93 100 7
58 180 58 179 46 1
195 29 1 1 2 1
128 153 127 1 128 153
180 14 113 1 179 11
179 52 39 1 174 22
121 100 2 99 22 2
117 148 117 147 116 148
23 104 1 1 1 2
136 148 1 147 1 1
145 36 144 1 58 27
48 50 47 1 2 50
68 12 27 12 1 6
180 146 180 2 118 58
175 76 174 2 174 28
173 181 11 180 173 181
102 149 102 21 52 1
132 133 131 16 120 105
52 104 1 2 52 2
136 116 29 116 136 54
56 125 55 2 55 124
126 107 123 107 2 2
99 199 92 164 99 1
102 23 1 1 2 23
103 42 2 41 103 2
21 82 2 1 1 81
133 154 120 91 62 32
186 158 186 1 1 48
193 135 150 2 1 134
14 174 1 9 1 174
77 72 77 2 40 1
14 123 1 119 7 122
79 44 14 2 19 44
121 131 102 123 2 1
146 9 145 6 1 2
1 2 1 2 1 1
192 130 2 2 2 130
56 57 17 57 1 45
112 157 112 1 93 130
78 105 13 8 64 105
84 69 84 48 84 1
104 174 104 2 1 174
144 65 143 2 2 64
189 75 1 1 1 74
26 90 13 44 1 33
16 34 2 1 16 30
32 34 31 34 15 34
38 26 2 26 1 1
34 32 1 32 1 31
2 14 2 14 1 14
20 30 7 29 19 29
9 41 2 26 1 41
45 6 2 1 44 5
29 48 2 30 2 7
48 20 47 20 47 19
6 17 6 16 4 16
19 41 18 1 7 40
38 28 37 1 38 20
4 50 4 25 2 2
25 34 25 9 22 25
19 36 2 36 18 35
37 15 2 14 24 15
18 15 15 15 8 6
25 33 2 1 1 32
50 6 27 1 44 3
27 3 2 2 3 3
38 43 36 1 37 22
6 49 3 48 2 49
28 39 27 38 28 17
9 47 9 45 2 2
28 34 1 2 2 2
17 26 1 26 16 26
10 25 8 25 10 2
6 5 2 3 5 2
22 38 22 17 8 37
43 6 2 3 42 5
4 44 1 43 2 2
30 40 20 33 1 40
45 4 40 4 2 3
49 18 1 1 49 18
38 8 37 8 38 6
49 15 1 14 49 2
32 30 27 22 2 30
34 18 12 7 34 18
32 8 31 2 1 1
29 26 28 26 19 2
39 20 1 19 39 19
48 16 47 2 2 1
2 8 1 2 1 7
4 41 3 40 1 40
25 50 8 1 2 19
48 25 48 25 2 2
4 28 2 27 4 27
11 3 2 3 2 1
19 20 19 17 5 1
7 50 7 31 3 1
37 27 37 26 37 10
24 41 24 1 4 2
8 43 5 2 2 2
14 4 2 1 2 3
25 11 2 1 1 7
27 46 26 45 27 2
27 4 27 4 8 4
35 27 1 1 35 26
49 29 27 23 2 14
13 20 13 18 13 20
50 19 2 18 6 2
3 13 3 13 3 1
4 37 3 36 2 21
42 4 41 3 1 3
28 4 1 3 28 1
12 23 2 22 12 2
12 18 11 2 6 1
49 2 48 1 2 1
9 26 1 25 8 25
33 37 7 2 1 17
33 17 1 1 2 16
39 9 2 4 1 2
10 36 9 36 10 2
25 47 2 15 24 46
42 22 26 13 41 2
39 50 39 1 39 2
26 11 9 2 25 6
32 40 14 1 10 39
13 6 2 6 4 5
45 12 1 11 1 2
2 20 2 2 1 19
49 17 49 1 2 17
48 41 1 1 1 2
8 39 1 2 2 38
24 43 2 42 2 24
2 26 2 1 1 1
47 4 29 2 24 2
14 39 4 39 2 1
29 2 24 2 29 1
15 32 15 11 11 1
47 14 1 13 33 5
23 21 23 7 1 2
20 21 12 21 19 2
28 35 4 34 1 24
18 6 1 6 1 3
21 22 2 2 20 21
43 21 1 2 43 9
39 33 12 28 38 22
30 28 30 17 9 28
24 38 2 1 1 38
42 40 1 2 2 2
17 2 2 2 1 1
16 15 16 2 16 7
44 35 26 35 44 1
28 19 1 16 2 19
38 42 7 2 1 42
44 47 22 46 24 4
31 28 30 27 22 1
5 49 2 49 4 1
9 31 9 2 8 2
3 31 1 1 1 2
41 36 32 1 36 13
20 28 1 21 20 27
1 15 1 7 1 15
15 4 2 4 15 4
11 23 10 22 11 22
44 30 38 27 2 1
39 33 39 27 39 8
11 6 2 3 2 2
18 35 1 7 17 2
7 33 2 29 5 2
11 3 11 3 9 2
2 36 2 2 1 2
24 9 24 8 8 8
11 24 10 24 11 1
17 13 17 13 1 1
37 40 1 28 10 16
46 14 46 9 29 14
28 21 6 5 28 2
9 44 9 5 1 2
37 33 14 1 6 32
35 26 1 25 1 23
27 9 2 1 25 8
12 3 1 1 11 2
36 10 36 10 2 3
34 19 2 2 33 18
48 44 23 44 33 24
12 27 3 1 11 2
39 8 2 8 32 4
24 40 15 1 3 1
25 12 25 11 25 2
31 26 1 2 12 2
24 7 1 7 19 1
36 22 36 11 2 22
50 45 10 1 2 45
47 15 18 15 29 9
5 29 3 28 4 6
9 47 9 10 1 20
8 39 8 2 7 2
27 41 26 41 27 41
29 19 29 15 7 1
24 41 16 2 20 2
8 43 3 37 7 22
38 44 38 2 38 1
33 1 18 1 32 1
42 17 1 16 42 2
31 4 2 2 2 4
35 8 21 1 5 8
9 29 8 29 6 28
10 5 9 1 10 2
24 8 20 7 10 4
40 12 12 12 39 12
48 30 48 29 47 30
36 23 1 15 36 5
16 49 7 1 1 4
43 46 1 1 8 12
6 36 1 1 5 2
28 27 27 15 2 27
17 15 16 15 16 1
20 3 1 2 19 2
15 2 13 1 1 1
19 45 7 20 18 1
31 42 2 2 7 42
48 29 2 1 38 28
21 24 21 23 2 23
18 31 18 2 1 30
13 32 3 1 2 31
27 25 26 24 1 1
17 3 5 1 16 3
17 49 2 2 2 12
30 6 30 2 15 1
37 38 2 2 5 8
12 41 1 41 1 40
22 4 22 3 21 1
38 19 1 2 38 2
39 37 2 12 30 37
44 19 18 1 37 2
3 5 2 4 1 5
22 19 22 8 7 18
48 46 47 11 2 45
34 45 34 1 33 44
2 50 1 49 1 50
18 4 1 2 17 4
18 19 17 18 7 2
1 48 1 1 1 48
17 37 1 37 2 36
18 49 1 17 1 4
48 26 9 14 32 2
23 12 2 2 22 11
34 45 33 2 5 45
18 39 6 39 17 39
22 50 16 49 2 2
22 50 1 2 19 1
29 12 1 2 2 12
44 33 1 32 1 1
36 24 2 3 2 24
14 7 2 1 14 7
1 19 1 18 1 17
38 2 2 1 38 2
18 30 11 2 1 8
10 15 9 15 9 2
12 32 11 9 12 1
5 24 2 1 4 24
24 36 24 2 1 2
7 1 4 1 7 1
41 2 41 2 3 1
22 14 8 14 1 12
22 34 10 2 19 1
43 3 42 2 2 1
29 3 2 3 29 2
12 44 7 11 1 44
13 45 1 1 3 1
6 36 6 4 1 1
20 15 14 11 20 2
34 13 18 13 30 12
37 30 27 11 37 29
19 31 18 2 1 1
17 45 17 44 17 11
10 24 10 23 4 2
32 3 2 2 30 2
3 36 3 35 3 1
49 8 5 6 2 8
42 10 42 9 2 6
17 35 16 25 5 35
40 28 40 2 39 27
40 46 1 1 40 46
33 10 1 2 33 1
44 37 44 37 44 2
6 15 2 14 5 6
5 11 5 1 2 11
3 4 3 1 1 4
11 2 10 1 2 2
5 42 1 6 4 2
38 16 37 2 13 1
24 12 1 8 1 2
1 41 1 41 1 1
37 46 27 1 15 1
44 34 1 15 26 34
37 28 7 20 26 2
1 39 1 15 1 1
10 9 10 2 1 1
22 20 21 18 16 20
39 18 35 1 1 18
40 27 37 1 22 26
19 15 19 2 18 15
24 30 23 3 3 29
46 42 14 42 33 2
23 7 1 2 2 1
5 23 5 22 5 7
41 23 17 2 40 1
19 5 19 5 2 4
13 41 12 23 2 41
47 28 8 27 46 1
10 35 9 34 1 34
25 20 24 9 21 19
5 10 5 6 1 10
9 33 8 33 1 14
26 38 26 37 1 38
4 18 1 18 4 18
47 22 2 19 46 13
12 11 12 2 1 2
47 1 2 1 34 1
43 28 42 28 43 28
42 4 1 1 2 1
25 14 4 2 11 7
3 16 2 2 1 1
46 48 1 2 2 47
20 38 20 1 1 1
40 19 39 2 22 2
50 46 50 6 49 9
15 4 15 4 2 2
29 10 2 5 2 4
23 9 23 1 2 2
36 41 1 1 33 26
29 28 1 28 22 28
4 11 2 1 4 11
2 31 2 31 2 2
31 5 31 1 31 5
48 42 47 34 47 2
23 48 23 48 3 47
31 4 2 4 9 4
28 17 25 16 5 16
31 21 30 21 31 2
21 26 2 2 20 25
10 21 2 1 1 1
30 28 14 6 29 20
35 14 23 13 2 13
3 3 3 2 1 2
25 21 25 1 11 1
50 17 1 1 49 2
47 10 40 1 20 10
44 28 1 1 44 2
49 23 24 2 49 18
11 48 9 48 1 17
23 50 23 49 22 21
9 19 4 18 5 2
5 5 2 1 4 3
47 7 46 7 46 6
27 37 1 37 25 2
50 2 1 1 49 2
40 13 1 13 2 13
36 9 1 8 35 8
6 50 6 18 6 1
5 1 5 1 1 1
30 37 29 2 20 2
2 14 1 13 2 2
32 33 32 33 4 2
34 3 2 2 34 3
26 10 18 2 2 10
47 4 9 3 2 1
38 30 8 29 13 30
15 29 14 28 14 14
31 6 26 6 30 3
41 43 40 2 32 5
6 7 1 6 3 2
18 23 2 23 1 1
16 38 15 37 4 38
29 38 1 1 2 37
43 43 1 40 23 42
25 15 1 1 17 12
20 34 2 34 19 34
26 40 2 36 16 39
18 2 12 2 2 2
19 40 2 2 13 40
8 33 8 30 7 32
8 19 1 18 7 2
24 21 10 20 1 20
40 44 39 1 1 2
30 11 2 7 2 2
43 36 43 35 43 36
15 45 3 22 1 13
13 9 11 1 12 7
29 43 1 42 29 2
21 27 21 26 2 1
33 18 20 18 33 7
37 25 1 25 36 16
18 18 11 13 15 7
35 9 10 1 16 2
10 44 1 35 1 41
9 3 2 3 8 1
32 10 2 10 1 7
26 6 26 1 1 5
26 40 25 21 26 40
30 50 1 25 2 1
26 36 2 1 1 21
3 16 2 16 3 2
27 13 2 1 27 13
28 39 28 38 27 2
8 24 4 15 4 1
45 10 22 2 2 10
10 24 1 1 10 2
42 19 2 1 41 18
33 31 1 20 32 2
11 48 2 21 6 47
49 16 49 16 34 13
8 12 1 1 6 1
41 7 24 6 2 6
25 12 2 9 1 1
38 33 37 32 1 32
2 9 1 9 1 2
36 46 35 46 22 2
50 15 1 15 33 3
40 28 27 2 13 1
12 14 11 2 10 14
11 15 2 13 10 14
38 38 38 37 1 38
35 1 30 1 33 1
32 6 3 1 1 2
29 40 10 36 14 36
30 30 29 26 29 30
44 49 43 23 43 20
9 24 6 24 2 23
29 48 24 2 28 3
43 11 1 8 2 11
27 42 19 42 22 42
43 2 1 1 2 1
49 17 49 17 49 16
30 32 1 2 2 3
25 19 21 18 24 19
29 15 29 2 28 1
29 27 1 24 1 27
7 25 1 3 1 2
22 46 20 6 21 2
3 6 1 6 2 5
41 20 40 18 41 20
29 29 28 6 27 2
44 35 5 10 1 11
27 32 5 1 2 2
5 9 1 3 2 1
45 32 9 1 12 2
2 1 1 1 2 1
8 35 1 33 1 35
12 8 2 1 1 2
16 28 6 28 2 27
50 30 4 29 1 30
22 28 18 5 22 1
37 11 1 1 1 2
17 32 16 6 16 2
4 3 4 1 4 3
30 47 6 1 2 4
14 47 9 47 13 47
42 12 41 4 41 1
24 27 24 1 24 2
40 48 38 46 40 47
44 27 6 15 2 12
38 25 27 25 25 24
6 18 1 1 1 2
36 23 23 11 24 8
13 39 1 17 4 15
27 32 27 22 26 20
40 14 1 14 1 13
11 41 2 5 1 9
37 15 11 1 9 2
12 41 12 39 12 41
33 33 29 22 32 18
9 26 7 1 9 2
42 32 42 1 42 2
32 8 30 8 31 8
47 11 47 8 47 6
2 31 2 26 2 30
23 31 21 2 23 1
20 18 4 18 3 18
32 40 32 6 31 2
7 40 7 6 7 4
21 26 21 23 20 25
17 26 17 22 14 26
37 34 20 9 23 10
40 33 4 22 2 23
8 15 3 15 1 14
28 23 1 1 2 4
20 38 19 38 20 38
9 38 7 2 3 1
26 39 3 39 2 39
15 48 12 5 14 2
19 41 4 7 2 7
47 46 1 46 2 45
38 17 34 4 32 2
16 40 2 38 2 40
9 45 5 13 1 11
19 31 15 1 18 1
38 18 35 18 38 15
14 47 6 47 2 46
6 38 6 31 5 33
49 41 14 26 13 30
41 30 41 4 41 1
37 48 1 44 1 47
40 40 35 1 39 5
40 12 40 1 39 1
35 4 13 4 9 4
40 29 1 20 1 19
28 12 2 7 1 11
22 30 19 2 22 6
1 13 1 3 1 5
39 28 13 28 14 28
14 41 6 37 10 40
49 43 44 8 48 5
33 49 10 33 10 36
35 8 19 5 15 1
15 45 2 21 1 24
46 8 20 5 16 8
22 35 16 35 12 34
41 5 23 4 26 5
1 34 1 33 1 34
35 42 16 1 12 1
28 43 3 1 2 1
2 27 2 25 1 23
6 4 5 1 2 1
25 7 25 2 24 1
27 29 2 19 3 18
20 39 4 39 2 39
27 10 22 5 21 1
17 2 6 2 8 2
49 3 46 1 48 2
50 45 1 45 1 44
15 5 15 1 14 2
49 42 47 15 48 12
12 2 4 1 2 1
41 43 12 25 14 26
17 37 17 26 17 23
16 41 8 34 7 34
43 29 39 25 43 28
31 35 31 4 31 2
9 23 3 23 5 20
6 19 6 1 6 2
17 26 5 19 1 21
48 16 5 1 7 3
20 7 20 7 19 6
48 19 3 13 2 9
32 30 6 4 6 1
35 14 4 13 6 11
22 18 20 18 22 17
25 48 19 1 16 2
3 5 1 1 2 4
19 40 5 10 1 11
41 40 11 6 15 2
29 24 1 3 2 2
50 13 6 4 2 1
19 6 4 2 2 2
7 24 4 3 2 2
40 9 5 3 1 1
6 46 4 21 5 20
36 37 4 37 1 37
48 44 4 1 2 2
44 1 15 1 19 1
36 31 32 27 35 31
42 32 42 31 42 32
12 27 9 23 8 26
12 16 12 2 12 1
38 35 35 4 37 2
37 19 37 6 36 2
7 39 5 39 2 39
46 3 12 1 9 2
3 49 1 47 1 49
47 45 20 3 24 2
32 14 4 14 1 14
47 34 4 33 2 33
6 49 3 1 2 1
2 49 2 46 2 49
13 6 3 6 2 6
48 6 4 2 1 1
1 3 1 1 1 3
24 48 1 48 2 47
19 15 1 11 2 14
36 9 32 1 35 1
1 43 1 4 1 2
40 28 36 1 40 2
17 41 7 5 5 2
1 5 1 5 1 2
18 43 18 1 18 2
30 36 30 29 29 31
13 34 3 34 5 34
4 10 4 10 1 10
23 24 3 6 1 2
19 15 19 15 19 14
21 43 3 8 3 11
37 37 6 1 2 2
47 7 39 7 41 6
22 13 4 7 1 9
35 13 13 13 9 13
31 22 1 10 2 11
9 41 5 3 3 2
23 26 23 17 23 21
23 26 12 6 15 6
17 11 5 4 1 7
47 20 24 18 20 19
17 48 1 48 1 47
10 22 9 1 10 1
30 17 18 16 16 17
7 12 1 1 1 2
34 46 31 17 33 19
8 42 8 42 6 41
40 17 33 2 37 1
43 31 43 27 42 24
42 20 1 20 2 20
48 1 12 1 10 1
42 35 6 35 2 34
40 42 40 22 39 20
11 9 6 9 2 8
34 39 7 35 9 38
43 3 2 3 1 1
3 5 1 1 2 2
9 10 8 1 7 2
50 39 3 5 2 2
29 28 3 24 1 27
50 38 50 3 50 1
18 17 1 12 2 16
6 22 1 2 1 1
2 35 2 33 2 34
39 43 36 5 39 2
34 24 6 23 8 24
35 44 5 1 2 2
13 27 1 27 5 27
40 44 2 44 1 43
43 9 37 3 34 1
49 24 4 9 2 7
6 39 2 14 1 14
14 28 14 14 14 18
1 23 1 23 1 22
36 23 34 19 36 23
49 29 32 25 28 29
43 17 19 2 15 2
16 22 12 16 16 12
22 28 11 28 12 26
23 13 23 6 22 2
35 43 22 4 20 1
37 12 8 4 9 1
37 2 8 2 8 1
10 14 2 1 1 2
18 2 2 2 4 1
41 4 39 4 41 4
23 15 4 1 2 1
25 19 25 1 25 2
7 22 3 1 7 2
50 13 2 8 1 12
37 12 1 4 1 1
30 26 30 1 30 2
13 18 11 15 12 17
40 15 2 15 2 14
39 36 35 1 34 1
20 17 15 13 19 16
21 48 5 1 2 1
29 18 23 18 25 18
35 26 26 24 22 20
25 31 22 27 25 31
28 22 2 19 2 21
28 48 26 25 28 23
40 38 37 32 40 33
3 5 3 5 3 4
14 49 4 37 1 35
11 11 9 1 6 1
25 49 5 43 2 39
8 28 1 28 1 27
46 26 1 1 1 2
30 26 5 26 1 25
50 28 1 27 2 27
44 34 1 10 1 12
30 48 30 25 29 29
24 6 17 3 18 2
50 34 25 1 26 1
50 33 39 33 42 32
28 24 7 1 9 2
20 44 20 14 19 13
7 29 1 29 1 28
20 33 1 28 1 32
42 1 38 1 36 1
25 3 17 3 14 2
38 34 3 34 6 34
45 42 5 1 4 2
1 13 1 9 1 13
9 31 9 24 8 26
50 49 50 8 49 12
23 36 20 1 22 1
1 21 1 15 1 16
9 21 5 1 8 1
39 33 18 1 15 2
45 43 4 41 2 43
24 10 24 7 23 10
4 13 1 10 1 12
15 6 3 4 1 5
11 36 7 1 10 2
47 10 15 1 13 1
25 21 4 5 2 3
47 10 2 10 1 10
3 43 3 1 2 2
39 34 35 4 38 1
25 20 3 4 1 1
3 49 3 49 3 48
39 28 39 25 38 28
44 8 44 8 40 8
29 48 27 16 28 17
24 22 4 1 2 1
33 34 2 3 1 2
27 36 14 18 12 16
20 27 13 1 16 2
30 4 1 4 2 3
17 18 17 18 16 18
47 31 47 31 47 30
10 15 4 3 2 2
26 34 26 16 25 12
28 14 2 3 2 2
38 24 38 24 38 23
27 45 4 42 7 40
23 37 14 35 16 37
16 43 4 25 2 22
2 29 1 1 2 2
140 2 48 1 50 1
45 89 5 1 8 1
1 3 1 3 1 2
111 8 111 8 110 7
172 134 2 44 1 42
32 157 3 66 2 65
60 77 3 77 2 76
136 46 112 9 114 10
168 158 164 31 168 31
172 152 164 148 166 152
97 84 12 6 14 2
78 108 78 103 77 107
114 161 65 157 61 161
72 37 69 34 72 36
6 125 4 98 1 101
20 12 15 1 19 1
163 132 124 29 121 25
192 110 162 14 160 15
72 51 38 48 41 51
196 98 112 2 115 1
55 43 4 1 1 1
159 157 2 2 1 1
128 131 45 131 43 131
37 146 33 146 36 146
149 45 147 3 148 1
139 117 1 1 2 2
178 151 178 5 178 1
97 86 94 60 96 63
162 161 19 4 18 1
43 152 40 149 42 152
51 35 2 31 1 34
71 60 69 58 71 60
70 79 22 79 21 79
129 87 46 42 49 41
45 140 33 136 32 140
187 11 139 7 139 5
40 189 39 188 40 188
28 11 28 2 27 1
133 44 5 6 2 2
149 63 147 63 148 63
169 34 78 3 82 7
68 53 40 12 38 14
154 6 26 1 29 5
6 146 6 143 5 145
171 136 6 2 2 1
45 106 19 62 17 59
200 150 5 2 1 1
117 84 1 4 1 2
56 59 52 55 56 58
166 119 162 1 166 1
168 58 72 21 68 25
177 38 4 4 2 1
8 65 8 57 7 61
42 181 42 179 42 181
10 9 4 1 5 3
40 50 5 48 2 49
132 82 14 82 11 81
82 14 82 1 81 2
93 23 47 2 48 1
187 183 184 179 187 183
62 171 1 91 1 92
