152
2
1 1
100
1 1 1 1 1 1 1 1 1 1 1 1 1 1 1 1 1 1 1 1 1 1 1 1 1 1 1 1 1 1 1 1 1 1 1 1 1 1 1 1 1 1 1 1 1 1 1 1 1 1 1 1 1 1 1 1 1 1 1 1 1 1 1 1 1 1 1 1 1 1 1 1 1 1 1 1 1 1 1 1 1 1 1 1 1 1 1 1 1 1 1 1 1 1 1 1 1 1 1 1
16
78 55 76 58 28 82 77 7 85 43 14 33 76 11 34 43
12
56 24 92 37 45 99 6 1 28 75 13 56
15
95 68 92 36 73 35 49 49 53 12 62 33 22 69 66
17
3 7 64 15 48 11 32 43 19 3 95 97 7 13 15 44 64
17
49 14 41 74 57 1 88 13 74 44 18 2 87 100 68 13 3
16
99 38 18 17 57 46 77 91 14 3 22 34 20 52 90 9
7
26 5 11 46 64 65 5
8
61 24 85 72 44 21 62 54
3
23 5 87
5
26 10 64 94 36
3
33 96 29
20
61 24 75 77 25 16 69 63 11 6 87 54 17 54 62 89 53 19 34 15
2
12 48
7
86 60 78 9 26 59 61
10
65 91 94 48 85 92 37 39 84 100
9
2 4 100 31 8 39 5 55 59
9
68 44 5 37 54 36 6 71 81
15
79 2 9 43 38 46 31 14 43 66 98 56 88 4 97
13
2 71 39 28 31 20 75 55 14 66 72 28 90
6
45 73 35 4 34 77
47
24 34 25 41 55 42 69 93 22 90 44 87 43 46 80 95 65 77 63 31 27 24 88 52 58 97 39 32 42 82 5 89 45 4 37 25 91 4 98 13 13 5 67 23 47 60 33
67
62 59 16 81 82 18 23 89 40 81 95 82 93 28 28 56 57 58 20 22 22 19 86 80 43 45 76 2 17 11 97 87 89 13 80 52 15 89 15 47 61 69 9 100 10 75 97 38 88 12 77 3 74 89 7 28 10 81 43 42 77 93 3 48 62 35 22
19
35 76 50 72 72 73 22 29 33 18 92 29 12 38 52 60 5 68 75
100
64 54 57 70 3 16 67 13 22 17 38 78 81 31 55 23 81 18 40 92 27 45 37 24 95 17 81 93 2 67 13 76 33 54 24 6 44 83 82 67 63 84 84 5 45 38 6 69 48 43 29 62 42 100 53 96 92 87 48 54 73 43 37 77 39 67 42 99 2 23 59 96 4 83 25 17 7 85 39 12 30 80 100 49 60 92 19 32 11 66 54 44 55 2 16 13 84 4 43 68
68
34 50 70 70 66 96 64 4 69 7 78 98 69 90 60 48 27 59 28 36 22 70 86 30 58 80 74 7 86 29 37 19 30 79 44 39 42 53 81 23 21 53 70 8 2 61 51 55 83 26 64 84 29 92 96 68 66 91 72 12 99 26 94 84 42 11 10 21
9
24 29 56 33 57 13 96 76 51
16
78 55 76 58 28 82 77 7 85 43 14 33 76 11 34 43
57
71 85 59 73 25 28 61 61 87 60 23 69 49 98 25 26 33 3 10 79 29 19 82 88 50 59 12 5 57 42 29 75 9 75 27 56 75 58 99 11 73 94 64 29 68 6 89 18 30 81 51 24 24 48 29 50 66
28
77 7 90 53 10 72 100 32 20 94 21 54 10 70 15 39 41 3 39 27 62 56 35 53 48 87 13 71
51
39 26 47 70 70 67 62 14 80 4 99 53 94 39 52 72 36 82 9 38 44 42 23 87 28 57 11 37 12 61 60 78 46 82 45 51 88 52 45 99 37 63 32 58 48 2 81 83 72 44 22
58
5 64 95 42 34 44 61 72 28 55 82 17 23 32 60 62 47 89 11 22 84 5 62 100 24 42 87 3 36 85 75 64 96 17 19 7 30 68 2 43 63 49 44 5 51 55 32 13 64 29 67 69 98 12 19 56 6 8
41
4 90 11 32 4 83 64 47 91 71 41 70 23 87 78 66 51 95 92 29 6 9 3 72 50 37 64 36 62 100 28 32 12 24 79 68 71 62 38 72 37
52
65 15 10 23 26 65 88 31 68 62 62 10 28 64 61 9 39 69 18 18 82 54 49 78 38 30 35 81 74 25 10 70 7 77 51 44 59 88 31 35 9 51 67 7 95 61 23 36 21 82 8 89
81
84 60 84 92 24 52 76 4 36 4 44 68 44 4 40 88 56 20 72 36 72 44 72 92 16 56 44 72 60 52 52 4 24 40 92 92 84 20 52 60 12 56 60 40 12 32 32 36 56 16 16 36 92 44 4 24 60 32 36 56 36 8 72 44 16 84 52 52 8 36 72 32 60 44 96 12 68 80 28 16 44
38
39 78 13 13 13 39 39 13 65 13 13 65 39 78 65 13 13 65 65 26 13 13 26 39 39 39 78 65 52 65 13 91 65 91 65 13 13 26
98
26 76 44 56 72 83 38 36 84 80 90 97 87 57 52 27 49 69 50 24 60 61 9 58 84 33 87 11 93 31 40 47 36 100 18 30 39 90 39 96 40 35 3 55 38 69 31 36 12 67 43 46 100 87 21 26 53 54 16 53 34 65 49 61 29 32 98 20 88 22 2 23 95 62 30 13 32 85 20 46 50 54 42 72 19 4 71 49 89 3 91 79 53 68 33 15 3 28
44
10 63 29 84 67 28 94 68 99 84 33 83 8 85 24 52 99 83 30 84 69 16 53 32 74 90 74 84 53 52 65 65 17 13 29 51 19 59 65 52 98 6 54 24
86
35 67 91 21 70 31 63 74 44 67 23 44 85 9 92 51 31 54 16 12 73 37 46 8 85 41 47 29 26 79 20 41 35 78 13 72 46 14 8 26 95 77 20 15 42 56 7 78 60 79 1 19 39 69 54 57 61 14 55 28 33 21 42 35 58 66 57 56 86 8 79 99 4 48 4 39 90 52 12 61 28 13 84 14 99 46
4
9 51 86 42
95
26 26 10 22 82 77 76 3 67 87 65 48 63 10 58 46 36 80 7 24 57 27 21 10 50 46 57 83 35 95 19 11 21 60 56 65 49 5 60 27 91 9 81 85 16 85 50 90 20 32 33 23 13 88 53 86 86 87 56 76 94 92 6 75 82 82 5 1 58 29 79 19 21 9 39 35 88 92 93 58 3 8 32 31 40 19 47 70 93 45 81 58 35 53 52
76
56 85 28 82 66 53 40 35 58 47 61 31 19 67 74 34 93 89 93 80 57 50 92 52 82 23 97 74 49 70 99 88 58 74 10 14 88 75 94 50 29 4 65 24 68 88 81 79 26 25 67 34 25 16 47 44 40 71 85 17 20 37 86 55 77 78 29 30 95 65 94 11 26 20 46 45
42
26 2 72 94 2 18 10 2 12 64 18 76 96 14 92 48 80 12 16 20 20 2 78 68 96 40 68 76 50 84 76 82 38 60 54 28 86 48 4 48 86 66
92
71 19 36 41 66 65 90 95 38 16 91 72 54 5 33 54 3 81 34 17 92 78 44 62 90 64 94 91 69 61 21 12 18 1 36 88 23 79 44 74 54 74 65 72 86 9 59 4 64 55 66 65 75 36 27 46 37 14 9 92 60 53 36 72 58 91 5 22 65 44 96 24 83 24 8 67 47 24 87 85 51 33 28 1 8 57 87 2 73 43 29 81
60
15 57 38 23 76 83 39 44 1 9 37 74 80 17 33 58 78 48 49 31 5 31 48 46 76 40 65 22 95 22 93 77 17 34 4 49 72 27 68 25 28 27 22 38 92 11 87 70 47 83 76 60 57 67 79 53 16 51 88 76
35
20 36 36 30 69 61 53 4 67 68 71 43 90 62 27 15 82 68 63 84 30 43 86 88 48 100 18 38 91 85 16 98 52 62 48
6
92 49 85 77 96 25
39
32 100 54 21 72 100 8 37 10 63 41 88 76 8 86 42 14 80 39 60 76 3 23 93 99 25 82 46 60 46 89 82 41 75 46 71 1 35 81
87
16 82 48 72 45 85 47 36 35 83 93 5 73 66 2 58 89 73 30 96 29 67 97 3 81 38 89 27 10 70 93 14 14 2 34 84 54 90 72 91 51 44 10 39 49 70 23 52 27 49 62 36 93 98 95 12 12 71 56 19 38 34 85 75 40 67 7 66 33 53 85 79 2 41 62 67 36 55 45 88 52 75 85 72 60 61 85
71
7 98 21 45 77 20 35 89 28 58 56 30 88 25 4 88 36 96 37 39 67 38 25 88 60 30 87 2 66 62 30 83 85 69 22 36 3 19 61 13 60 77 20 34 94 11 71 55 70 28 24 5 45 5 20 46 67 55 29 1 28 68 71 12 78 46 35 29 97 36 22
93
63 58 59 72 32 14 45 59 51 66 42 80 50 18 31 1 94 96 58 26 13 83 6 47 79 80 62 70 78 1 47 7 37 61 29 95 92 41 50 36 7 44 79 4 11 9 13 54 28 39 13 63 37 64 33 6 18 23 5 77 2 100 26 86 59 76 3 91 76 91 91 50 98 80 96 82 66 24 95 8 93 87 57 90 29 50 59 15 17 59 75 13 1
60
67830 33915 22610 13566 11305 9690 22610 11305 4522 3230 13110 6555 4370 2622 2185 96577 88179 29393 12597 40946 14725 65360 92069 80507 19596 89539 61898 61785 71897 8020 24294 32563 5741 2980 25028 55813 51450 82313 42145 7645 62955 12939 37969 511 4825 63208 85592 75617 34582 47025 22258 37008 58726 13419 81645 23721 2273 48910 49001 57088
84
50830 25415 10166 67830 33915 22610 13566 11305 9690 62985 20995 12597 46410 23205 15470 9282 7735 6630 74290 37145 14858 56810 28405 11362 46410 23205 15470 9282 7735 6630 8970 4485 2990 1794 1495 6630 3315 2210 1326 1105 76245 25415 15249 91770 45885 30590 18354 15295 13110 50830 25415 10166 91770 45885 30590 18354 15295 13110 62985 20995 12597 50830 25415 10166 45885 15295 9177 6555 44574 22287 14858 7429 27370 13685 5474 3910 62985 20995 12597 74290 37145 14858 82110 41055
22
25935 8645 5187 3705 21318 10659 7106 3553 95095 19019 13585 88179 29393 12597 23205 7735 4641 3315 6952 27694 65769 72645
39
71162 35581 10166 51870 25935 17290 10374 8645 7410 74290 37145 14858 82110 41055 27370 16422 13685 11730 44574 22287 14858 7429 91062 22880 9765 65529 87257 90307 91410 63513 94514 92375 47300 34263 52766 7514 55395 97322 56172
61
79534 39767 11362 79534 39767 11362 91770 45885 30590 18354 15295 13110 41055 13685 8211 5865 51870 25935 17290 10374 8645 7410 23243 23442 80919 66632 29989 64370 58594 65930 90542 23934 89301 15464 88060 26048 50843 11216 84106 70088 41791 11507 92823 9001 85106 1287 72676 39772 70665 91494 26105 74364 78813 82829 98817 4905 29866 41534 69993 94502 17296
50
62985 20995 12597 62790 31395 20930 12558 10465 8970 62790 31395 20930 12558 10465 8970 46410 23205 15470 9282 7735 6630 82110 41055 27370 16422 13685 11730 22490 79585 33262 70766 40741 24335 82563 61004 57514 19686 19842 96761 72793 79015 95017 5842 15962 6793 76616 5511 97542 83417 79138
23
82110 41055 27370 16422 13685 11730 67830 33915 22610 13566 11305 9690 85215 28405 17043 50830 25415 10166 88179 29393 12597 87754 96382
20
41990 20995 8398 9690 4845 3230 1938 1615 22610 11305 4522 3230 67830 33915 22610 13566 11305 9690 82110 41055
28
25194 12597 8398 4199 50830 25415 10166 62790 31395 20930 12558 10465 8970 62790 31395 20930 12558 10465 8970 30590 15295 6118 4370 74773 34272 29524 33416 83855
24
51870 25935 17290 10374 8645 7410 67830 33915 22610 13566 11305 9690 74290 37145 14858 82110 41055 27370 16422 13685 11730 41990 20995 8398
93
44574 22287 14858 7429 46410 23205 15470 9282 7735 6630 82110 41055 27370 16422 13685 11730 58786 29393 8398 17290 8645 3458 2470 86109 43635 19747 17418 22647 93359 46143 22610 74358 23483 52443 77884 83247 47364 9343 41014 48895 44121 91000 94737 91426 61454 29846 11491 1885 39578 20365 99110 74198 52665 24919 56759 41143 5162 43184 91319 8014 26002 56025 33326 1231 57687 96631 4419 93137 68678 38161 45861 94125 69774 75765 93350 90147 11971 14291 78107 85780 30076 97344 40253 61609 67796 60724 3978 30442 99533 72364 58341 63240 95657
90
46410 23205 15470 9282 7735 6630 29393 4199 76245 25415 15249 82110 41055 27370 16422 13685 11730 67830 33915 22610 13566 11305 9690 83580 3359 32434 53324 94803 89230 36561 88928 75617 82925 37860 47826 68422 16837 41382 52535 12408 17590 85511 99862 85791 61488 3018 23115 35384 2715 69957 59111 75446 94511 65220 88494 86236 55292 22886 11863 49221 33476 77246 24752 34556 15612 27795 15448 83716 45550 57153 39907 46354 32698 16118 1786 65998 56656 37686 12248 28181 97112 98456 41261 57082 86027 47622 55519 45216 17335 82593
95
14630 7315 2926 2090 21318 10659 7106 3553 30030 15015 10010 6006 5005 4290 88179 29393 12597 16302 8151 5434 2717 7659 67640 59272 22032 4898 11849 87056 89629 83882 20802 32844 52170 24695 80231 48600 91731 84301 89167 72517 95018 85032 24964 51095 90356 11701 66535 88358 87978 29078 95594 29182 18841 62786 34740 45183 64291 42307 10464 85533 85436 30615 87390 87936 2125 16431 6000 60453 84084 69523 66126 36252 4482 3644 16932 68009 51068 17304 18895 59011 35835 74954 43107 57752 10188 15047 9031 76134 12657 94746 69847 20419 54813 65345 8001
73
34086 17043 11362 5681 33915 11305 6783 4845 34086 17043 11362 5681 34086 17043 11362 5681 44574 22287 14858 7429 83908 89420 91365 67821 78814 33336 78260 40506 97501 81564 1189 79973 12912 90913 50817 49409 68155 88322 49158 50674 92117 15984 41189 69204 35816 51791 95043 49300 15188 70871 2745 33428 98445 2387 80724 35883 50745 70885 91989 89123 94003 51520 97650 42969 13771 96877 4755 85601 44067 40871 55734 97215 74515
68
88179 29393 12597 46410 23205 15470 9282 7735 6630 51870 25935 17290 10374 8645 7410 74290 37145 14858 88179 29393 12597 98550 97704 47322 5232 45889 18731 26705 57153 89750 50158 88556 46469 42560 19284 30482 4042 99550 6775 7963 89363 54850 84834 22291 29685 26486 59060 62750 17244 66866 24867 39886 17444 11687 25879 9646 37407 22807 40971 44827 15669 79035 51855 66565 59776 92092 6537 79187
64
88179 29393 12597 88179 29393 12597 13566 6783 4522 2261 1938 62985 20995 12597 46410 23205 15470 9282 7735 6630 19625 10755 66165 59645 17515 14361 72094 80102 43822 72853 54179 74483 30657 22997 75160 79093 88828 77885 8085 70465 66487 49842 96436 73007 77456 26399 83158 59389 18058 14899 17310 23339 67945 80161 81588 29276 61975 52991 3012 79643 65057 83944 32572 67987
82
6630 3315 2210 1326 1105 82110 41055 27370 16422 13685 11730 44574 22287 14858 7429 52003 7429 62985 20995 12597 18349 93363 10163 14727 85430 98108 91932 4650 91542 66478 54660 26541 58042 94747 26725 63004 38601 53992 10349 49556 41178 88494 79071 88585 69656 11098 2352 32962 35141 1806 22859 78043 73940 28094 8302 34147 98669 49299 54315 49756 40077 88012 78184 20349 10660 46904 14047 51219 63029 92765 18015 12283 39065 55412 59529 71594 15324 4426 80883 31654 95839 87872
52
82110 41055 27370 16422 13685 11730 71162 35581 10166 51870 25935 17290 10374 8645 7410 62790 31395 20930 12558 10465 8970 46410 23205 15470 9282 7735 6630 44527 80249 80353 98940 57184 80268 62042 13152 91746 55905 92563 62374 45238 98722 86950 47137 40114 30318 11138 56249 90142 65080 32268 11019 13624
5
76 88 36 77 36
10
4 58 48 66 12 77 36 64 90 9
3
6 65 52
96
62985 20995 12597 41990 20995 8398 8970 4485 2990 1794 1495 33915 11305 6783 4845 88179 29393 12597 30270 85087 94982 48054 77319 45502 67971 58347 51890 59474 67876 20776 91015 35725 16651 5864 804 96053 6928 86365 91450 23428 18494 35624 47053 86536 37492 12964 40440 79012 69124 22108 13799 36686 65912 92656 8347 95119 2216 86132 77354 44838 82885 13808 65052 41509 20658 40609 3439 83378 63621 41431 39924 19368 1611 35798 89039 70035 67809 60661 65371 1463 5723 1217 62500 71242 26817 29435 95051 62805 31949 31030 45125 29400 83790 11354 18557 33699
86
51870 25935 17290 10374 8645 7410 71162 35581 10166 50830 25415 10166 74290 37145 14858 46410 23205 15470 9282 7735 6630 41076 45111 54543 97907 69995 89120 35426 27364 22913 69307 5085 27721 43018 85619 8554 5198 31715 36600 18292 80614 71336 57373 47308 26566 84702 21499 98599 37351 16203 76750 79581 54951 67640 96275 86572 58889 84662 47344 6515 70897 86 51051 60888 44329 12975 89682 48131 79711 30076 44466 47168 94532 1372 97471 12480 78478 48688 87603 89016 97815 79425 74119 26625 94268 97111
53
67830 33915 22610 13566 11305 9690 96577 50830 25415 10166 82110 41055 27370 16422 13685 11730 91770 45885 30590 18354 15295 13110 32576 98188 21913 35028 34389 36662 54025 54980 85158 67420 73487 60804 27952 77208 29805 30307 3353 90060 39273 339 21544 66109 29740 61228 26216 40050 95651 37511 90505 4857 51553
82
74290 37145 14858 41990 20995 8398 85215 28405 17043 82110 41055 27370 16422 13685 11730 71162 35581 10166 86807 53517 31482 58856 52610 54142 41434 15916 98076 48255 25415 67499 89170 56320 15167 89945 64276 27863 82022 9326 21494 40317 85217 5540 6546 27217 84091 8124 25477 15028 44708 27129 15886 93227 64621 71074 52978 20192 63341 81285 69402 2593 77790 48399 48595 37440 60192 47957 41293 45873 69878 44526 7613 79311 90981 87414 988 43608 79160 30765 75845 20172 37150 67766
53
10374 5187 3458 1729 1482 15295 3059 2185 62790 31395 20930 12558 10465 8970 82110 41055 27370 16422 13685 11730 91770 45885 30590 18354 15295 13110 10527 13396 30116 96806 92388 70147 17288 26881 36749 28831 89749 38577 70813 36537 85326 83127 38807 78818 72571 23255 51847 40658 32456 55291 26618 13250 94691
55
62790 31395 20930 12558 10465 8970 30498 15249 10166 5083 62790 31395 20930 12558 10465 8970 62985 20995 12597 82110 41055 27370 16422 13685 11730 5996 12508 9486 75747 48804 77504 93675 26977 64111 5371 20486 34348 42173 38239 8632 71345 10260 35986 84239 92653 88714 10731 83981 79060 85996 73080 26601 2510 71226 45371
79
62790 31395 20930 12558 10465 8970 76245 25415 15249 82110 41055 27370 16422 13685 11730 44574 22287 14858 7429 88179 29393 12597 59110 6119 67629 62257 76913 19588 47721 53886 63572 4285 85744 9133 56300 15070 67776 75129 9019 46356 38525 23268 27590 11283 17519 595 85208 55761 9857 2669 50333 43242 64420 72065 81960 48762 73290 76957 24974 87237 46572 14839 96360 60211 4644 69288 29429 26156 94355 44812 52789 85152 65565 96131 22255 98498 79528 72211 50252
82
41055 13685 8211 5865 51870 25935 17290 10374 8645 7410 62985 20995 12597 25194 12597 8398 4199 62985 20995 12597 89892 96961 32181 59194 26321 1198 5752 81023 34876 22442 77087 82841 27748 95833 72671 18798 94286 65349 84140 93514 97124 82428 14563 44062 62065 39535 52737 30396 5350 76276 92424 38973 68440 71397 80801 71548 80384 97504 15925 52376 97817 24005 90034 35253 70918 17754 53997 69019 90825 51146 27898 95158 51821 66209 47573 87956 7933 23026 98525 59659 29579 14706
71
44574 22287 14858 7429 71162 35581 10166 62985 20995 12597 82110 41055 27370 16422 13685 11730 51870 25935 17290 10374 8645 7410 64558 24018 99275 58301 55980 1324 37123 87901 6756 50093 55915 93465 69440 57476 24281 92696 52097 88017 50712 7158 13148 40841 88486 58593 14103 82710 7477 46269 28689 43188 27499 70529 37464 67702 99811 1271 64241 51135 18569 12384 74292 23337 85601 29965 36237 19010 75009 92423 38492
71
35581 5083 79534 39767 11362 46410 23205 15470 9282 7735 6630 91770 45885 30590 18354 15295 13110 79534 39767 11362 6144 80496 2687 12731 49581 53916 6595 88504 28317 48531 70790 71528 46037 46301 26364 63925 59198 86439 25954 55727 51621 1316 34196 67882 73146 11176 88983 83485 48882 99855 51409 50852 94214 31572 31051 78078 3921 90043 21334 92848 58198 86472 13667 385 40759 30981 14825 83452 86879 77408 72035
95
25194 12597 8398 4199 67830 33915 22610 13566 11305 9690 46410 23205 15470 9282 7735 6630 58786 29393 8398 91770 45885 30590 18354 15295 13110 69362 51530 47983 41903 76915 75430 38552 15512 99257 11420 63767 82549 4988 74812 40318 37472 65574 26476 91122 17992 76696 47394 10956 31982 76100 24203 5401 78057 34065 27336 71195 70402 5786 38508 24102 66776 14607 47039 53988 2589 78675 8093 39729 13368 54684 37304 89887 92097 87798 89010 90451 41256 44384 45412 32614 82798 5965 3866 89573 33578 67173 27860 11601 79237 24225 85318 8640 11327 63827 26745
95
46410 23205 15470 9282 7735 6630 72930 36465 24310 14586 12155 67830 33915 22610 13566 11305 9690 34034 17017 4862 74613 24871 10659 35891 60207 43218 20478 13223 5008 29346 44070 45321 87469 36436 80754 73789 41528 50226 85127 15597 49480 73766 43247 71270 81144 52800 5397 61852 44198 2995 84682 2306 70838 27640 73572 75346 80813 57898 2425 18987 6006 75785 23528 13070 48512 47255 67408 39841 77726 5118 8951 17388 78918 34888 16549 16959 36371 84933 97958 34377 87171 21385 53100 36290 88057 11307 106 13666 74492 95271 40826 37224 47446 50908 15800
98
25194 12597 8398 4199 82110 41055 27370 16422 13685 11730 88179 29393 12597 67830 33915 22610 13566 11305 9690 56810 28405 11362 53599 71715 51268 33769 42779 68397 30920 67176 10507 90300 81638 20754 7006 80071 34596 14374 56916 48375 19901 91321 68930 47243 15296 94802 10738 41878 43954 51661 55009 82940 17832 10523 27359 8984 69870 43679 57490 92953 60867 85491 5332 41345 95450 13953 92560 86052 85498 81995 70057 91023 25727 73700 499 92766 53719 75285 55256 90853 1926 31577 56468 70440 22914 576 81498 50563 48855 4527 86957 3395 67589 89759 74407 91338 85821 50650
85
30590 15295 6118 4370 46410 23205 15470 9282 7735 6630 82110 41055 27370 16422 13685 11730 62790 31395 20930 12558 10465 8970 56810 28405 11362 15700 53667 22089 50832 33508 68269 69818 23098 70572 47315 57878 38757 37225 44321 63771 30895 84221 79524 94317 91319 23309 64720 18708 62082 57284 44476 42588 42810 18670 22785 9651 94794 55998 40510 28878 41092 18280 63862 45381 39739 88328 16753 98131 3784 3577 32599 58167 31049 80479 26552 21109 31134 56958 25799 88821 80779 512 7002 56450 98425
63
31395 10465 6279 4485 33915 11305 6783 4845 6630 3315 2210 1326 1105 82110 41055 27370 16422 13685 11730 91770 45885 30590 18354 15295 13110 11618 91843 42099 19571 92041 79492 68647 67937 6638 25592 75796 59627 74230 30889 79247 16157 10632 85413 97138 25957 36658 11293 16925 18457 30789 61319 32786 5998 95028 30877 15959 49058 38712 87708 37752 65075 28207 65286
84
34086 17043 11362 5681 91770 45885 30590 18354 15295 13110 23205 7735 4641 3315 91770 45885 30590 18354 15295 13110 91770 45885 30590 18354 15295 13110 67226 98209 1314 50854 9063 53046 63681 52183 3128 241 55448 58276 32461 56735 31819 51726 98572 13780 51104 6298 27392 79846 27172 68783 75638 21871 98406 99323 93374 17488 89337 8238 55472 92361 46966 68733 69957 41538 33079 4736 96634 50565 46046 52917 38704 25889 18860 50075 78382 97672 20746 75543 50078 99314 58788 25747 32108 88569
57
30498 15249 10166 5083 91770 45885 30590 18354 15295 13110 56810 28405 11362 44574 22287 14858 7429 79534 39767 11362 25439 64573 238 66808 74491 86156 70998 19352 91511 19264 88551 12369 9091 55208 20028 91152 20258 8298 45794 34994 87565 55999 74587 39883 89072 25364 44734 25955 94155 45771 28789 67796 14835 69880 45053 99309 65871
85
82110 41055 27370 16422 13685 11730 34086 17043 11362 5681 51870 25935 17290 10374 8645 7410 76245 25415 15249 85215 28405 17043 38123 50022 5738 60143 88082 37135 53115 5254 93483 96546 27431 32148 43080 8389 34098 95493 74785 52997 10661 67206 9487 47025 72588 2280 19698 46908 69977 79937 1356 27007 95168 45867 84420 90037 95417 82243 15619 50878 84609 50155 19866 5372 12089 28744 44890 24569 34373 53732 15419 34783 25870 89518 30390 75358 46817 76885 88011 98665 19662 12017 54299 17177 85930
17
56 64 82 74 75 23 88 88 50 13 69 38 44 38 52 37 18
5
19 38 72 65 85
4
89 16 89 80
94
11730 5865 3910 2346 1955 41055 13685 8211 5865 10374 5187 3458 1729 1482 41990 20995 8398 76245 25415 15249 31860 55019 65168 57910 19433 40265 15590 17691 56035 25105 60120 76454 32126 4625 81838 673 14348 13036 97381 6377 26165 52378 77101 94159 42003 33830 39529 20631 20530 57360 82418 50044 4022 69577 86517 57993 90261 97785 91760 23361 80568 51420 19353 66617 42846 98112 31799 55961 19609 44937 41959 69598 52783 89070 84088 54523 37019 59226 8303 50483 99465 38699 24644 48897 16542 30646 4451 4048 76845 50241 44364 93763 55171 49959
57
91770 45885 30590 18354 15295 13110 67830 33915 22610 13566 11305 9690 82110 41055 27370 16422 13685 11730 50830 25415 10166 82110 41055 27370 16422 13685 11730 94889 2049 99864 5137 82702 55327 65272 48482 15535 74414 91529 12105 10156 24539 60137 94725 11782 63796 31964 182 58563 11948 73066 96256 18539 53337 88510 81804 36205 56053
81
74290 37145 14858 79534 39767 11362 62790 31395 20930 12558 10465 8970 12558 6279 4186 2093 1794 46410 23205 15470 9282 7735 6630 74171 47778 44266 34072 14118 79352 43516 2453 55 70568 77568 79960 74090 7288 74189 91441 52817 5186 69198 78149 51921 6997 57441 95949 15139 39986 22843 17395 97108 47791 14850 60568 90885 11287 49425 91217 26700 73256 63416 19077 96210 57684 3353 6928 41811 17697 41004 54532 70273 65802 57148 47426 71104 69435 2536 91877 66347 68248
71
74290 37145 14858 46410 23205 15470 9282 7735 6630 67830 33915 22610 13566 11305 9690 91770 45885 30590 18354 15295 13110 34086 17043 11362 5681 87872 52374 34107 84358 75675 22897 66408 68252 51059 59192 23751 4945 80225 89384 30529 15971 95328 62051 81668 83478 65587 84847 52677 56979 15836 18388 66328 66179 1222 18402 26617 90008 85756 51240 12679 47044 15376 32766 39971 55552 70773 49085 83254 7751 80645 98945
58
35581 5083 46410 23205 15470 9282 7735 6630 8645 1729 1235 30498 15249 10166 5083 74290 37145 14858 62362 21687 81376 56984 75621 41698 29960 23983 64154 60879 35359 89300 79192 44084 6655 48842 96818 90142 97331 75686 8431 93517 72798 37619 9291 73622 80405 10479 30996 89120 69663 34188 70222 91079 78300 89488 11759 55516 83611 41206
66
62790 31395 20930 12558 10465 8970 79534 39767 11362 51870 25935 17290 10374 8645 7410 25194 12597 8398 4199 51870 25935 17290 10374 8645 7410 16793 24385 98227 56270 71577 85136 27197 75372 18562 77720 70062 37776 30561 66059 89669 30669 33766 45917 23619 68794 63973 70793 27568 19474 52793 67725 38231 759 73180 68329 41573 48330 43312 77444 43438 6421 88665 87815 70568 3969 51681
63
76245 25415 15249 85215 28405 17043 85215 28405 17043 41990 20995 8398 62790 31395 20930 12558 10465 8970 94895 53358 38747 95033 49484 44768 16997 72740 1955 57928 83488 49622 49784 75779 63562 74068 57409 57633 51604 75448 82955 81061 98915 82672 56115 58280 16144 49471 46766 98038 39208 3835 21026 29423 60652 78445 53514 27144 81106 60692 36053 62632 40770 44290 42632
95
62790 31395 20930 12558 10465 8970 30498 15249 10166 5083 88179 29393 12597 91770 45885 30590 18354 15295 13110 46410 23205 15470 9282 7735 6630 63848 52928 17066 36633 34231 77234 79117 62384 16543 83426 35882 46417 93098 95000 75405 98999 49128 87267 68553 26720 5741 20849 75059 64879 68560 32313 50180 16747 89613 60498 17594 85566 68739 71673 37816 45015 33591 23982 83362 63977 39471 49144 59426 91273 58072 22109 19238 46164 93793 35658 52095 57415 69150 80881 38467 39269 91590 38246 43756 61716 13621 30593 35159 66144 10507 36415 62534 2967 91339 33281
13
79534 39767 11362 76245 25415 15249 79534 39767 11362 18354 9177 6118 3059
82
25194 12597 8398 4199 88179 29393 12597 17043 5681 62985 20995 12597 46410 23205 15470 9282 7735 6630 66215 85675 95304 20892 15546 71741 90563 47895 35120 13191 87996 82974 39443 38636 25622 92734 64129 39045 6571 43418 90991 9695 54249 10791 76418 35672 34640 8240 71576 48166 84053 51635 39517 68336 31554 14785 95318 63667 19411 50210 54522 22462 23515 37487 81748 59638 63197 35286 92419 20019 90643 74938 24762 2433 56939 70320 59648 88545 16196 24515 9137 72165 44246 72657
81
33915 11305 6783 4845 25194 12597 8398 4199 51870 25935 17290 10374 8645 7410 39767 5681 79534 39767 11362 87307 19410 79637 60220 93937 58677 23087 17935 48465 18030 6842 59325 67912 40959 66404 31657 43320 25294 20032 41114 37987 51044 32099 36317 7828 79534 84842 86402 89110 77471 27122 53339 23962 23564 22654 59328 75349 19694 16884 13581 12704 66660 48736 72546 86838 17231 48688 84802 17466 55476 28566 5748 62575 95165 61193 35269 98781 33752 81573 32549 10579 32918
37
22610 11305 4522 3230 85215 28405 17043 85215 28405 17043 62985 20995 12597 56810 28405 11362 20058 10608 23165 62190 4045 13456 76769 3896 51745 11933 62048 71328 89484 10594 20484 92244 2825 57583 56727 28838 76278
13
6630 3315 2210 1326 1105 10374 5187 3458 1729 1482 67830 33915 22610
98
20930 10465 4186 2990 8970 4485 2990 1794 1495 82110 41055 27370 16422 13685 11730 17043 5681 67830 33915 22610 13566 11305 9690 7703 86030 26363 14716 98307 4835 40579 88237 70771 93597 10729 43284 89256 77809 97913 45468 61177 54853 50035 7656 52399 19348 18668 12109 74121 68334 82474 23794 65369 16661 61868 78199 81126 71809 31872 90859 28168 23933 74762 30581 38543 56520 76708 29164 19740 2549 65816 56382 97222 58219 97640 76813 37623 21126 8071 66766 69324 35188 51550 54824 27353 71961 82823 475 6850 15755 10069 20182 69603 77911 92618 20415 65001 78074 43264
31
46410 23205 15470 9282 7735 6630 46410 23205 15470 9282 7735 6630 91770 45885 30590 18354 15295 13110 76245 25415 15249 85215 28405 17043 28212 44051 79111 91641 82932 43141 85944
32
16302 8151 5434 2717 74613 24871 10659 30030 15015 10010 6006 5005 4290 39270 19635 13090 7854 6545 5610 67830 33915 22610 13566 11305 9690 8613 29706 29155 29272 77558 18450 28233
62
39270 19635 13090 7854 6545 5610 30030 15015 10010 6006 5005 4290 95095 19019 13585 85085 17017 12155 43890 21945 14630 8778 7315 6270 74164 77679 63001 51405 98620 64263 96029 86308 55258 14930 14099 54090 66988 73302 67699 22896 6243 25837 61416 32378 97507 86629 53776 2656 73959 98401 5664 43693 72891 502 74686 73443 12096 83056 61894 50485 88939 54635
91
39270 19635 13090 7854 6545 5610 43890 21945 14630 8778 7315 6270 51870 25935 17290 10374 8645 7410 85085 17017 12155 95095 19019 13585 70994 35300 8486 92239 3806 1047 50624 27701 69581 29197 66387 11877 10468 63383 74471 19268 46862 76204 17095 71484 56279 1607 91236 33272 68497 55846 55408 16777 8467 47917 16803 56260 54837 26113 94874 83042 37206 24749 11923 38271 47926 79776 33106 62715 6204 84685 18783 23740 95441 24362 64581 37993 78274 45265 82805 65873 52226 62242 9793 82818 93607 88768 32673 79635 65928 85199 15026
93
67830 33915 22610 13566 11305 9690 74290 37145 14858 51870 25935 17290 10374 8645 7410 46410 23205 15470 9282 7735 6630 91770 45885 30590 18354 15295 13110 34096 75293 19828 81677 94896 76134 22764 94491 79848 13317 21804 5754 193 91393 8226 48229 13485 81064 4863 32890 10687 44874 79449 76764 3374 75772 99945 62642 56053 17271 88078 327 6326 81878 72649 78536 82738 58876 35839 6024 15379 47083 32123 38719 92291 97230 39913 65671 88369 57296 65819 52670 28627 82243 80136 50343 66399 8794 55688 55497 37745 59247 1113 74126 12040 1662
27
51870 25935 17290 10374 8645 7410 51870 25935 17290 10374 8645 7410 58786 29393 8398 91770 45885 30590 18354 15295 13110 41055 13685 8211 5865 72559 65588
95
67830 33915 22610 13566 11305 9690 15249 5083 8970 4485 2990 1794 1495 10374 5187 3458 1729 1482 46410 23205 15470 9282 7735 6630 70766 93996 48777 35931 5756 91850 66300 27883 40276 25443 70601 51627 54083 31445 28744 94483 12779 24341 93221 52210 88771 8969 48897 33128 42196 34604 42318 51466 92894 45422 67222 29410 37553 94706 71892 94413 21877 55310 82713 86588 70306 75694 97001 71987 45352 79441 19644 56236 96009 21290 88254 17237 54618 88481 11758 13326 91013 58735 79203 96300 522 14054 9218 82969 66713 24295 35305 10194 60794 2985 67816
34
46410 23205 15470 9282 7735 6630 67830 33915 22610 13566 11305 9690 85215 28405 17043 50830 25415 10166 88179 29393 12597 82122 85758 51433 82266 10238 16686 69973 50157 38213 83608 88848 55757 32203
49
30498 15249 10166 5083 9177 3059 1311 44574 22287 14858 7429 52003 7429 82110 41055 27370 16422 13685 11730 57038 15170 19418 29219 83907 26324 26478 98922 72319 80601 1320 39782 23199 94750 56755 99144 4032 74968 39200 50501 89861 7422 19236 78137 44820 12844 55864 57824 26457 69826
10
51870 25935 17290 10374 8645 7410 62790 31395 20930 12558
86
67830 33915 22610 13566 11305 9690 82110 41055 27370 16422 13685 11730 85215 28405 17043 15470 7735 3094 2210 51870 25935 17290 10374 8645 7410 65337 10034 55900 93966 60899 32711 22664 38394 18272 41202 46392 94577 10718 93009 39139 58506 100000 79063 88087 75444 91931 3371 97459 26063 97371 64328 34123 12305 49595 21470 42023 74210 1456 97296 13316 1376 8479 74708 62802 98971 49411 45814 68180 11898 42088 501 37187 61556 53426 22788 85964 53592 94647 80715 22669 22342 99072 55652 76796 69203 79052
94
30498 15249 10166 5083 56810 28405 11362 30498 15249 10166 5083 46410 23205 15470 9282 7735 6630 62790 31395 20930 12558 10465 8970 6025 60902 429 42641 82905 8181 33841 32757 45029 35915 51256 58377 87426 34917 60787 65365 68154 55095 17989 59892 25353 4837 13189 35894 45026 68171 99901 27841 28648 7734 29197 50699 59317 76392 63593 85665 76790 78520 46006 67171 1485 17968 97361 66982 67886 30030 58057 84785 55907 18915 43936 97441 5864 80215 80462 17445 82800 69507 44158 74562 34974 61237 85710 79504 20012 38895 20595 84187 38119 86793 61427
45
51870 25935 17290 10374 8645 7410 25194 12597 8398 4199 85215 28405 17043 62790 31395 20930 12558 10465 8970 41990 20995 8398 82110 41055 27370 16422 13685 11730 13110 6555 4370 2622 2185 11730 5865 3910 2346 1955 51870 25935 17290 10374 8645 7410 79534
26
91770 45885 30590 18354 15295 13110 52003 7429 85215 28405 17043 51870 25935 17290 10374 8645 7410 46410 23205 15470 9282 7735 6630 7410 3705 2470
60
15 57 38 23 76 83 39 44 1 9 37 74 80 17 33 58 78 48 49 31 5 31 48 46 76 40 65 22 95 22 93 77 17 34 4 49 72 27 68 25 28 27 22 38 92 11 87 70 47 83 76 60 57 67 79 53 16 51 88 76
35
20 36 36 30 69 61 53 4 67 68 71 43 90 62 27 15 82 68 63 84 30 43 86 88 48 100 18 38 91 85 16 98 52 62 48
6
92 49 85 77 96 25
39
32 100 54 21 72 100 8 37 10 63 41 88 76 8 86 42 14 80 39 60 76 3 23 93 99 25 82 46 60 46 89 82 41 75 46 71 1 35 81
87
16 82 48 72 45 85 47 36 35 83 93 5 73 66 2 58 89 73 30 96 29 67 97 3 81 38 89 27 10 70 93 14 14 2 34 84 54 90 72 91 51 44 10 39 49 70 23 52 27 49 62 36 93 98 95 12 12 71 56 19 38 34 85 75 40 67 7 66 33 53 85 79 2 41 62 67 36 55 45 88 52 75 85 72 60 61 85
71
7 98 21 45 77 20 35 89 28 58 56 30 88 25 4 88 36 96 37 39 67 38 25 88 60 30 87 2 66 62 30 83 85 69 22 36 3 19 61 13 60 77 20 34 94 11 71 55 70 28 24 5 45 5 20 46 67 55 29 1 28 68 71 12 78 46 35 29 97 36 22
93
63 58 59 72 32 14 45 59 51 66 42 80 50 18 31 1 94 96 58 26 13 83 6 47 79 80 62 70 78 1 47 7 37 61 29 95 92 41 50 36 7 44 79 4 11 9 13 54 28 39 13 63 37 64 33 6 18 23 5 77 2 100 26 86 59 76 3 91 76 91 91 50 98 80 96 82 66 24 95 8 93 87 57 90 29 50 59 15 17 59 75 13 1
60
67830 33915 22610 13566 11305 9690 22610 11305 4522 3230 13110 6555 4370 2622 2185 96577 88179 29393 12597 40946 14725 65360 92069 80507 19596 89539 61898 61785 71897 8020 24294 32563 5741 2980 25028 55813 51450 82313 42145 7645 62955 12939 37969 511 4825 63208 85592 75617 34582 47025 22258 37008 58726 13419 81645 23721 2273 48910 49001 57088
84
50830 25415 10166 67830 33915 22610 13566 11305 9690 62985 20995 12597 46410 23205 15470 9282 7735 6630 74290 37145 14858 56810 28405 11362 46410 23205 15470 9282 7735 6630 8970 4485 2990 1794 1495 6630 3315 2210 1326 1105 76245 25415 15249 91770 45885 30590 18354 15295 13110 50830 25415 10166 91770 45885 30590 18354 15295 13110 62985 20995 12597 50830 25415 10166 45885 15295 9177 6555 44574 22287 14858 7429 27370 13685 5474 3910 62985 20995 12597 74290 37145 14858 82110 41055
22
25935 8645 5187 3705 21318 10659 7106 3553 95095 19019 13585 88179 29393 12597 23205 7735 4641 3315 6952 27694 65769 72645
10
1 2 3 4 5 6 7 8 9 10
95
62790 31395 20930 12558 10465 8970 30498 15249 10166 5083 88179 29393 12597 91770 45885 30590 18354 15295 13110 46410 23205 15470 9282 7735 6630 63848 52928 17066 36633 34231 77234 79117 62384 16543 83426 35882 46417 93098 95000 75405 98999 49128 87267 68553 26720 5741 20849 75059 64879 68560 32313 50180 16747 89613 60498 17594 85566 68739 71673 37816 45015 33591 23982 83362 63977 39471 49144 59426 91273 58072 22109 19238 46164 93793 35658 52095 57415 69150 80881 38467 39269 91590 38246 43756 61716 13621 30593 35159 66144 10507 36415 62534 2967 91339 33281
13
79534 39767 11362 76245 25415 15249 79534 39767 11362 18354 9177 6118 3059
82
25194 12597 8398 4199 88179 29393 12597 17043 5681 62985 20995 12597 46410 23205 15470 9282 7735 6630 66215 85675 95304 20892 15546 71741 90563 47895 35120 13191 87996 82974 39443 38636 25622 92734 64129 39045 6571 43418 90991 9695 54249 10791 76418 35672 34640 8240 71576 48166 84053 51635 39517 68336 31554 14785 95318 63667 19411 50210 54522 22462 23515 37487 81748 59638 63197 35286 92419 20019 90643 74938 24762 2433 56939 70320 59648 88545 16196 24515 9137 72165 44246 72657
81
33915 11305 6783 4845 25194 12597 8398 4199 51870 25935 17290 10374 8645 7410 39767 5681 79534 39767 11362 87307 19410 79637 60220 93937 58677 23087 17935 48465 18030 6842 59325 67912 40959 66404 31657 43320 25294 20032 41114 37987 51044 32099 36317 7828 79534 84842 86402 89110 77471 27122 53339 23962 23564 22654 59328 75349 19694 16884 13581 12704 66660 48736 72546 86838 17231 48688 84802 17466 55476 28566 5748 62575 95165 61193 35269 98781 33752 81573 32549 10579 32918
37
22610 11305 4522 3230 85215 28405 17043 85215 28405 17043 62985 20995 12597 56810 28405 11362 20058 10608 23165 62190 4045 13456 76769 3896 51745 11933 62048 71328 89484 10594 20484 92244 2825 57583 56727 28838 76278
13
6630 3315 2210 1326 1105 10374 5187 3458 1729 1482 67830 33915 22610
98
20930 10465 4186 2990 8970 4485 2990 1794 1495 82110 41055 27370 16422 13685 11730 17043 5681 67830 33915 22610 13566 11305 9690 7703 86030 26363 14716 98307 4835 40579 88237 70771 93597 10729 43284 89256 77809 97913 45468 61177 54853 50035 7656 52399 19348 18668 12109 74121 68334 82474 23794 65369 16661 61868 78199 81126 71809 31872 90859 28168 23933 74762 30581 38543 56520 76708 29164 19740 2549 65816 56382 97222 58219 97640 76813 37623 21126 8071 66766 69324 35188 51550 54824 27353 71961 82823 475 6850 15755 10069 20182 69603 77911 92618 20415 65001 78074 43264
31
46410 23205 15470 9282 7735 6630 46410 23205 15470 9282 7735 6630 91770 45885 30590 18354 15295 13110 76245 25415 15249 85215 28405 17043 28212 44051 79111 91641 82932 43141 85944
32
16302 8151 5434 2717 74613 24871 10659 30030 15015 10010 6006 5005 4290 39270 19635 13090 7854 6545 5610 67830 33915 22610 13566 11305 9690 8613 29706 29155 29272 77558 18450 28233
62
39270 19635 13090 7854 6545 5610 30030 15015 10010 6006 5005 4290 95095 19019 13585 85085 17017 12155 43890 21945 14630 8778 7315 6270 74164 77679 63001 51405 98620 64263 96029 86308 55258 14930 14099 54090 66988 73302 67699 22896 6243 25837 61416 32378 97507 86629 53776 2656 73959 98401 5664 43693 72891 502 74686 73443 12096 83056 61894 50485 88939 54635
91
39270 19635 13090 7854 6545 5610 43890 21945 14630 8778 7315 6270 51870 25935 17290 10374 8645 7410 85085 17017 12155 95095 19019 13585 70994 35300 8486 92239 3806 1047 50624 27701 69581 29197 66387 11877 10468 63383 74471 19268 46862 76204 17095 71484 56279 1607 91236 33272 68497 55846 55408 16777 8467 47917 16803 56260 54837 26113 94874 83042 37206 24749 11923 38271 47926 79776 33106 62715 6204 84685 18783 23740 95441 24362 64581 37993 78274 45265 82805 65873 52226 62242 9793 82818 93607 88768 32673 79635 65928 85199 15026
93
67830 33915 22610 13566 11305 9690 74290 37145 14858 51870 25935 17290 10374 8645 7410 46410 23205 15470 9282 7735 6630 91770 45885 30590 18354 15295 13110 34096 75293 19828 81677 94896 76134 22764 94491 79848 13317 21804 5754 193 91393 8226 48229 13485 81064 4863 32890 10687 44874 79449 76764 3374 75772 99945 62642 56053 17271 88078 327 6326 81878 72649 78536 82738 58876 35839 6024 15379 47083 32123 38719 92291 97230 39913 65671 88369 57296 65819 52670 28627 82243 80136 50343 66399 8794 55688 55497 37745 59247 1113 74126 12040 1662
27
51870 25935 17290 10374 8645 7410 51870 25935 17290 10374 8645 7410 58786 29393 8398 91770 45885 30590 18354 15295 13110 41055 13685 8211 5865 72559 65588
95
67830 33915 22610 13566 11305 9690 15249 5083 8970 4485 2990 1794 1495 10374 5187 3458 1729 1482 46410 23205 15470 9282 7735 6630 70766 93996 48777 35931 5756 91850 66300 27883 40276 25443 70601 51627 54083 31445 28744 94483 12779 24341 93221 52210 88771 8969 48897 33128 42196 34604 42318 51466 92894 45422 67222 29410 37553 94706 71892 94413 21877 55310 82713 86588 70306 75694 97001 71987 45352 79441 19644 56236 96009 21290 88254 17237 54618 88481 11758 13326 91013 58735 79203 96300 522 14054 9218 82969 66713 24295 35305 10194 60794 2985 67816
34
46410 23205 15470 9282 7735 6630 67830 33915 22610 13566 11305 9690 85215 28405 17043 50830 25415 10166 88179 29393 12597 82122 85758 51433 82266 10238 16686 69973 50157 38213 83608 88848 55757 32203
4
9 51 86 42
95
26 26 10 22 82 77 76 3 67 87 65 48 63 10 58 46 36 80 7 24 57 27 21 10 50 46 57 83 35 95 19 11 21 60 56 65 49 5 60 27 91 9 81 85 16 85 50 90 20 32 33 23 13 88 53 86 86 87 56 76 94 92 6 75 82 82 5 1 58 29 79 19 21 9 39 35 88 92 93 58 3 8 32 31 40 19 47 70 93 45 81 58 35 53 52
76
56 85 28 82 66 53 40 35 58 47 61 31 19 67 74 34 93 89 93 80 57 50 92 52 82 23 97 74 49 70 99 88 58 74 10 14 88 75 94 50 29 4 65 24 68 88 81 79 26 25 67 34 25 16 47 44 40 71 85 17 20 37 86 55 77 78 29 30 95 65 94 11 26 20 46 45
42
26 2 72 94 2 18 10 2 12 64 18 76 96 14 92 48 80 12 16 20 20 2 78 68 96 40 68 76 50 84 76 82 38 60 54 28 86 48 4 48 86 66
