100
99
1 1 2 3 1 2 3 4 2 3 4 2 3 3 4 4 1 2 3 2 3 4 4 4 5 4 5 5 5 6 2 3 3 4 5 5 4 5 4 5 6 7 3 4 5 6 4 4 5 6 4 5 5 6 6 2 3 4 3 4 4 5 6 6 6 7 8 8 7 8 9 10 3 4 5 4 5 6 6 5 6 6 7 7 8 6 7 6 7 8 7 7 5 6 7 8 6 7 6
57
57 57 57 57 57 57 57 57 57 57 57 57 57 57 57 57 57 57 57 57 57 57 57 57 57 57 57 57 57 57 57 57 57 57 57 57 57 57 57 57 57 57 57 57 57 57 57 57 57 57 57 57 57 57 57 57 57
54
1 1 2 1 2 3 2 3 3 4 1 2 3 3 1 2 2 2 3 3 4 4 5 4 2 1 2 3 4 4 4 5 3 3 4 2 3 4 3 2 3 3 4 3 2 3 3 4 4 5 6 6 7 7
81
1 2 2 2 3 3 4 2 3 4 5 3 4 5 6 7 8 8 8 9 10 -1 4 5 6 6 4 5 5 6 4 5 5 6 6 5 6 6 6 6 7 8 9 9 10 10 8 9 10 11 6 7 7 7 8 9 7 8 8 9 10 11 11 10 8 9 10 11 9 1 2 2 2 3 4 4 4 5 4 5 6
86
1 2 1 2 2 3 3 3 1 2 3 2 3 3 2 -1 3 4 5 4 5 3 3 4 4 1 2 2 3 2 3 3 2 3 4 5 5 6 4 3 4 4 5 6 5 6 6 7 8 7 -1 4 5 6 7 2 3 3 4 3 4 5 5 6 7 6 7 6 7 -1 9 6 7 3 4 4 -1 5 4 5 6 5 5 3 4 5
86
1 1 1 2 2 1 2 1 2 3 -1 4 2 3 3 4 4 3 3 4 5 3 4 5 -1 4 5 5 6 -1 6 6 6 5 2 3 3 4 5 3 3 3 4 4 4 2 3 4 5 -1 6 7 3 4 4 -1 4 5 5 6 7 4 5 5 6 7 8 7 8 9 -1 10 10 7 8 8 8 9 8 8 9 9 8 9 9 8
69
1 2 3 3 4 1 2 3 3 2 3 3 4 1 2 3 4 2 3 4 4 2 3 3 1 2 2 2 2 3 -1 -1 2 3 2 3 4 3 2 3 4 5 4 4 5 2 3 4 3 2 3 3 4 4 4 5 -1 6 2 3 3 3 4 4 5 6 5 5 4
91
1 2 3 4 4 -1 1 2 3 1 2 1 2 -1 2 3 1 2 2 3 4 4 5 2 3 2 3 3 4 4 5 6 3 4 4 5 6 4 5 4 5 -1 6 6 7 7 6 5 6 7 6 5 6 5 6 3 4 4 -1 4 -1 6 2 3 4 3 -1 -1 4 4 3 4 4 5 4 5 4 5 4 5 5 5 5 6 7 3 4 -1 5 -1 5
74
1 1 1 2 2 3 3 1 2 -1 3 2 3 3 4 1 2 3 4 5 1 2 3 1 2 3 4 2 3 4 3 4 4 4 2 3 1 2 3 3 4 -1 4 -1 1 2 3 2 3 2 3 3 4 5 4 4 4 5 2 -1 4 4 -1 -1 4 5 6 4 3 4 5 -1 3 4
83
1 -1 2 1 2 3 4 5 6 5 6 7 4 2 3 4 3 2 3 3 1 2 2 3 -1 5 6 3 4 4 2 2 2 3 4 5 -1 2 3 4 5 3 3 4 4 5 6 3 2 3 3 -1 5 -1 -1 4 4 4 5 6 4 1 2 2 3 -1 2 3 4 5 6 6 7 6 3 3 -1 3 4 5 -1 5 3
71
1 2 1 2 -1 2 2 3 2 2 3 4 5 2 3 3 4 -1 4 5 6 5 5 6 2 3 4 1 2 3 3 3 1 2 3 2 2 3 3 4 3 4 4 2 -1 3 4 5 5 6 6 6 3 4 5 5 6 5 6 7 5 6 7 -1 5 5 5 6 4 -1 6
71
1 2 3 4 3 2 3 4 3 -1 2 2 3 -1 5 1 2 3 1 2 2 2 3 3 4 5 5 6 2 3 4 5 4 5 6 5 1 2 2 3 4 3 4 4 5 4 5 2 -1 3 1 2 3 3 2 3 -1 5 5 6 6 3 4 5 4 3 4 4 5 5 4
88
-1 2 1 2 2 -1 2 -1 3 1 2 3 -1 2 -1 2 -1 2 3 4 -1 4 5 5 6 -1 8 5 6 -1 4 5 3 4 4 5 6 5 6 7 8 4 5 4 3 4 5 6 5 -1 5 6 6 6 6 7 4 5 6 5 5 -1 7 8 3 4 5 6 6 4 5 5 5 6 7 2 3 4 4 5 4 5 3 4 5 6 4 -1
94
1 2 -1 3 -1 -1 3 4 5 3 4 5 1 2 3 2 -1 3 3 -1 3 4 3 4 1 2 2 3 1 -1 2 3 3 -1 4 5 -1 4 5 6 -1 -1 3 2 3 3 3 4 4 5 5 3 4 4 -1 5 6 4 5 4 5 -1 6 -1 4 5 5 5 6 -1 -1 5 -1 7 7 5 6 7 5 6 6 7 7 5 6 7 -1 5 6 6 7 6 7 -1
77
1 1 2 1 2 2 3 2 2 3 3 -1 4 5 5 4 -1 2 3 -1 4 1 -1 2 3 -1 4 -1 4 2 3 4 3 3 4 4 5 -1 6 4 5 5 6 2 3 4 -1 4 3 4 4 1 2 3 4 2 3 4 4 5 5 2 2 3 3 3 4 4 4 4 -1 5 4 2 3 3 3
73
1 1 2 3 3 4 5 3 1 -1 3 2 3 3 4 5 5 5 -1 5 -1 5 5 -1 5 4 5 6 6 -1 -1 -1 8 -1 5 6 7 7 5 6 5 6 5 -1 7 2 3 3 4 3 3 1 2 3 2 3 2 3 3 -1 2 3 -1 4 4 4 5 -1 -1 4 3 4 5
96
1 1 2 3 2 2 3 3 1 2 -1 1 2 3 2 3 -1 2 -1 -1 -1 2 3 3 -1 -1 -1 3 4 5 5 3 4 -1 5 5 5 4 5 -1 5 6 7 4 5 5 4 5 6 5 6 1 -1 3 3 -1 3 2 3 -1 4 4 -1 -1 5 5 6 -1 4 5 -1 -1 6 6 7 6 7 8 9 -1 5 6 5 -1 5 6 6 7 6 7 4 5 6 5 6 7
59
1 1 -1 -1 3 4 3 1 2 -1 -1 -1 3 4 5 4 3 4 -1 6 5 6 7 -1 -1 5 -1 6 7 8 7 2 3 2 3 3 3 3 3 4 -1 6 5 6 6 4 -1 6 4 -1 -1 3 4 -1 5 6 6 6 -1
72
1 1 2 2 2 3 1 2 2 3 3 1 2 2 2 2 3 -1 2 3 4 -1 5 -1 6 7 -1 -1 3 4 5 -1 5 -1 5 -1 5 6 4 1 2 3 3 4 4 5 5 3 -1 2 3 4 3 -1 3 4 3 4 5 -1 5 4 5 -1 4 5 5 5 5 6 6 7
57
1 -1 2 -1 2 1 2 3 4 1 2 3 3 -1 -1 3 4 4 1 2 3 3 4 4 4 5 6 -1 3 -1 3 2 -1 3 4 5 6 7 5 6 7 8 -1 4 4 -1 -1 5 5 6 4 3 4 5 6 -1 4
96
1 1 2 1 -1 3 4 4 4 3 2 3 4 5 -1 -1 2 2 3 4 2 -1 4 3 4 3 2 3 -1 -1 3 4 5 -1 4 3 4 5 4 5 6 5 4 5 6 7 -1 4 -1 3 3 -1 4 4 5 5 -1 5 5 -1 6 3 3 4 4 -1 -1 -1 -1 -1 2 2 2 3 3 4 -1 4 5 4 2 3 4 -1 3 -1 4 5 4 5 4 5 6 -1 -1 7
80
80 80 -1 -1 -1 -1 80 80 80 80 80 80 80 80 80 80 -1 80 80 80 80 80 80 80 80 80 80 80 80 80 80 80 80 80 80 80 80 80 80 80 80 80 80 80 80 80 80 80 80 -1 80 -1 80 -1 80 80 80 -1 80 80 80 80 80 80 80 -1 -1 80 80 80 80 80 80 -1 80 80 80 80 80 80
74
-1 1 1 -1 3 4 1 -1 -1 3 2 3 4 3 4 -1 5 6 5 6 6 2 3 4 5 6 -1 -1 2 3 3 4 -1 -1 -1 3 -1 3 3 -1 2 2 2 3 4 3 4 5 6 5 -1 7 5 3 -1 -1 -1 7 -1 2 2 3 4 2 3 4 -1 -1 -1 3 -1 4 4 5
97
1 1 2 1 2 3 2 3 4 5 6 -1 4 4 -1 5 1 2 2 3 3 1 -1 2 -1 -1 3 4 -1 2 3 -1 4 5 5 6 7 8 3 3 4 4 1 2 3 -1 2 3 -1 4 5 4 5 5 2 3 4 3 3 4 -1 3 4 -1 3 -1 4 5 -1 5 3 4 5 2 3 -1 5 5 6 6 4 -1 5 6 6 7 8 9 7 -1 9 10 -1 -1 3 4 -1
90
1 -1 -1 -1 2 3 2 1 2 -1 -1 3 -1 4 -1 -1 6 6 5 -1 -1 5 6 -1 -1 6 -1 -1 4 5 -1 5 4 -1 6 -1 5 6 -1 7 6 -1 -1 7 8 -1 -1 8 -1 5 6 7 3 -1 4 1 2 2 3 4 -1 3 4 5 -1 -1 2 3 4 5 3 4 4 3 2 3 4 3 3 4 -1 -1 -1 2 3 4 4 5 -1 -1
64
1 1 -1 -1 -1 3 -1 3 -1 4 3 4 -1 2 -1 4 3 4 4 3 4 -1 5 -1 7 -1 1 2 -1 4 -1 4 -1 6 7 -1 -1 2 3 3 2 -1 -1 3 4 -1 3 4 4 4 -1 4 4 5 6 -1 5 -1 7 -1 5 4 2 1
69
1 2 -1 3 1 2 3 4 5 3 -1 -1 5 4 5 5 6 1 2 3 4 -1 -1 5 5 -1 5 -1 -1 7 -1 7 -1 -1 3 -1 4 4 4 5 -1 6 7 -1 -1 7 5 6 6 6 7 8 2 3 4 -1 4 5 6 5 3 4 4 5 5 6 6 -1 3
54
1 1 -1 2 3 -1 -1 -1 -1 -1 3 -1 4 4 5 5 1 2 2 3 -1 4 3 4 5 -1 5 6 6 5 -1 -1 6 5 6 7 8 8 -1 8 4 5 3 4 5 -1 5 6 4 -1 5 5 -1 5
62
-1 1 1 2 2 3 1 2 3 3 4 -1 -1 1 2 3 4 -1 3 2 3 3 4 -1 -1 2 2 2 3 3 3 4 4 4 -1 -1 3 1 2 3 3 2 -1 3 -1 3 3 4 4 -1 4 5 6 6 -1 6 6 7 8 -1 5 6
82
-1 -1 82 82 82 -1 -1 -1 82 82 82 -1 82 82 82 82 82 82 82 82 82 82 82 -1 82 82 82 82 82 82 82 82 82 82 82 -1 82 -1 82 82 82 82 82 82 -1 82 82 82 82 82 -1 82 -1 -1 82 82 82 82 82 -1 -1 82 82 82 82 82 -1 82 82 82 -1 -1 -1 82 82 -1 82 82 82 82 -1 -1
92
-1 -1 2 3 4 5 2 2 1 2 -1 2 3 -1 5 6 5 4 5 6 6 5 6 -1 7 -1 2 -1 2 -1 3 4 -1 -1 -1 -1 3 -1 2 2 2 -1 4 5 -1 3 4 -1 2 -1 3 -1 -1 -1 4 -1 4 5 -1 7 7 8 9 -1 7 8 8 7 -1 -1 7 8 -1 8 5 -1 7 -1 -1 4 4 -1 -1 3 4 5 5 6 6 1 2 2
59
1 1 2 -1 3 2 3 1 1 2 3 4 3 -1 2 -1 -1 4 -1 5 2 -1 -1 4 5 3 4 -1 5 4 5 -1 3 4 -1 4 5 6 -1 4 5 -1 7 6 7 -1 9 6 6 -1 -1 7 -1 7 8 9 5 6 6
55
1 -1 2 2 -1 -1 2 3 3 4 1 -1 -1 4 -1 3 -1 5 4 -1 -1 3 3 2 3 -1 4 -1 5 -1 5 -1 -1 5 6 -1 7 6 6 2 3 3 4 4 -1 5 -1 -1 5 6 7 4 5 5 6
65
-1 1 -1 1 1 1 2 2 -1 -1 2 -1 3 -1 2 -1 -1 -1 3 3 4 2 3 3 4 -1 4 -1 4 -1 6 6 -1 6 5 -1 7 8 9 9 8 5 6 -1 6 7 -1 8 7 7 8 -1 -1 -1 -1 10 -1 -1 -1 6 -1 7 6 7 -1
55
1 1 2 -1 2 3 -1 3 1 2 2 -1 4 -1 2 2 3 3 3 3 4 -1 5 4 1 2 3 3 -1 3 4 -1 2 -1 -1 -1 5 6 3 3 3 4 4 -1 5 6 6 4 -1 6 -1 6 2 3 3
64
-1 2 3 2 1 -1 -1 -1 4 -1 3 -1 -1 -1 4 -1 -1 3 -1 2 3 3 4 5 -1 3 -1 -1 -1 -1 4 -1 3 4 5 6 7 5 6 -1 -1 -1 -1 -1 2 -1 4 4 3 4 5 4 5 5 6 5 4 5 6 1 2 2 -1 2
82
-1 1 2 2 -1 2 3 2 3 -1 4 2 -1 4 3 -1 4 -1 -1 3 3 2 -1 3 -1 4 5 6 -1 5 3 4 -1 -1 4 -1 -1 5 4 4 -1 5 6 -1 -1 -1 -1 5 6 6 -1 5 6 -1 6 -1 6 6 -1 -1 6 4 5 5 -1 4 4 3 -1 4 -1 -1 -1 5 6 4 5 6 -1 6 -1 -1
88
1 1 2 2 2 -1 4 -1 -1 5 3 -1 2 -1 4 -1 -1 3 -1 -1 5 5 -1 -1 -1 -1 6 -1 4 4 -1 4 5 -1 -1 -1 -1 5 -1 -1 4 5 6 7 7 -1 -1 -1 -1 -1 3 -1 -1 4 5 -1 6 -1 8 6 -1 8 -1 3 4 -1 4 -1 -1 4 5 6 6 7 -1 5 -1 -1 6 6 7 -1 5 6 6 6 7 6
61
1 2 1 -1 3 4 -1 2 2 3 3 4 -1 4 5 -1 -1 -1 3 4 3 3 4 -1 -1 4 -1 -1 2 -1 -1 -1 5 2 -1 3 -1 4 4 -1 4 4 2 -1 -1 4 4 4 -1 -1 5 6 7 -1 -1 5 5 -1 5 -1 4
60
-1 -1 2 3 3 1 2 2 -1 -1 3 -1 5 5 -1 4 -1 5 5 -1 -1 -1 4 -1 -1 5 -1 2 2 3 2 3 -1 3 4 5 -1 4 5 -1 -1 -1 7 8 9 9 -1 7 -1 -1 4 4 -1 4 5 -1 -1 4 -1 4
86
-1 1 1 2 1 -1 1 -1 -1 -1 3 -1 -1 4 5 3 -1 5 -1 -1 4 5 6 5 -1 4 -1 5 2 -1 -1 -1 3 4 4 1 -1 -1 2 -1 -1 4 3 2 3 3 -1 3 4 -1 4 -1 6 -1 -1 9 7 8 -1 7 5 -1 6 7 7 -1 -1 7 -1 -1 -1 8 7 7 -1 -1 7 -1 9 9 -1 -1 -1 8 -1 7
79
1 -1 3 -1 -1 4 2 3 2 3 3 -1 -1 5 4 -1 -1 5 -1 4 -1 5 6 6 7 5 -1 -1 -1 1 -1 2 -1 2 -1 -1 -1 3 -1 -1 4 3 -1 5 6 2 3 3 2 3 4 5 6 -1 -1 -1 5 6 6 6 5 5 4 5 -1 -1 6 6 7 -1 8 -1 -1 -1 -1 2 3 4 -1
74
1 2 1 -1 -1 4 3 3 4 4 -1 6 6 7 -1 4 -1 5 6 -1 -1 6 -1 8 9 -1 -1 6 5 -1 -1 -1 -1 6 7 -1 9 9 -1 -1 5 -1 6 -1 5 6 7 8 7 -1 -1 6 6 5 -1 6 7 2 3 -1 3 -1 -1 -1 4 4 -1 -1 -1 -1 6 4 4 -1
66
1 -1 1 -1 -1 -1 2 -1 2 -1 -1 4 3 4 -1 -1 1 2 -1 1 2 3 -1 2 3 3 4 -1 5 -1 3 1 2 -1 2 -1 4 -1 -1 -1 2 -1 -1 -1 -1 6 4 -1 -1 6 4 5 5 5 6 -1 5 -1 5 -1 7 -1 -1 -1 7 6
78
-1 -1 2 3 2 3 3 -1 -1 -1 3 -1 -1 -1 -1 5 -1 2 3 2 -1 3 4 -1 3 -1 -1 -1 -1 4 -1 -1 7 6 7 8 -1 4 5 -1 6 7 -1 -1 6 7 8 -1 6 4 -1 5 -1 6 6 7 -1 5 6 -1 -1 3 -1 -1 5 5 5 5 6 6 -1 7 8 5 6 6 -1 7
74
1 2 -1 3 4 3 2 -1 2 3 4 4 2 3 4 -1 -1 -1 4 4 5 5 5 3 -1 -1 4 5 1 -1 3 -1 3 -1 5 -1 2 3 -1 -1 -1 -1 -1 3 4 4 -1 3 -1 -1 4 3 3 -1 -1 -1 -1 -1 7 -1 6 6 7 -1 -1 6 4 5 -1 -1 -1 5 -1 -1
96
1 2 1 2 2 -1 -1 2 3 1 2 -1 -1 3 3 -1 -1 2 2 2 -1 4 4 -1 -1 5 -1 5 -1 -1 5 6 5 2 3 3 3 -1 -1 -1 1 2 3 -1 2 2 -1 -1 -1 -1 3 -1 -1 4 3 -1 -1 3 4 4 -1 5 -1 7 -1 -1 6 6 -1 3 4 5 -1 7 5 -1 -1 -1 -1 -1 8 -1 9 4 5 -1 -1 -1 -1 4 4 -1 5 5 -1 6
66
1 -1 -1 2 -1 -1 4 -1 -1 3 -1 3 -1 2 3 -1 -1 3 -1 4 5 -1 1 2 3 -1 4 3 3 -1 -1 3 -1 -1 -1 5 -1 7 5 6 7 7 -1 3 -1 4 -1 5 5 6 -1 -1 -1 -1 4 4 -1 -1 -1 5 -1 -1 -1 6 6 7
81
-1 1 -1 2 -1 2 -1 -1 2 2 3 3 -1 -1 2 1 2 2 1 2 -1 -1 2 -1 -1 -1 -1 2 2 3 -1 -1 4 -1 3 -1 2 3 -1 4 3 4 4 5 -1 -1 4 -1 3 4 4 -1 4 -1 -1 -1 -1 7 -1 -1 4 -1 6 -1 -1 6 -1 -1 -1 7 8 -1 8 -1 7 7 6 7 6 7 -1
79
1 1 -1 -1 3 2 -1 3 -1 -1 3 -1 4 -1 5 6 -1 -1 -1 -1 -1 10 7 5 6 4 5 5 4 5 -1 -1 -1 4 2 3 3 3 4 1 -1 -1 2 -1 -1 4 5 6 5 2 -1 4 3 4 3 -1 5 -1 -1 -1 -1 5 3 -1 3 4 -1 -1 -1 5 -1 1 -1 -1 2 -1 4 1 -1
99
-1 2 3 -1 -1 -1 -1 -1 -1 2 3 4 3 2 -1 4 -1 -1 -1 2 3 -1 4 5 1 -1 -1 -1 -1 3 -1 -1 -1 -1 -1 3 -1 -1 2 3 -1 -1 -1 5 -1 -1 4 -1 4 2 -1 3 2 3 -1 -1 -1 5 3 -1 -1 -1 -1 4 -1 4 -1 5 -1 6 -1 -1 -1 -1 -1 2 3 3 4 -1 4 5 5 -1 4 -1 3 4 5 6 4 -1 6 -1 1 -1 3 -1 -1
55
55 -1 -1 55 55 55 55 -1 55 -1 55 55 -1 55 -1 55 55 55 -1 -1 55 -1 -1 -1 55 55 55 -1 -1 -1 -1 55 -1 55 55 -1 -1 55 -1 -1 55 -1 55 -1 55 -1 -1 55 -1 -1 55 55 55 -1 -1
74
-1 -1 1 -1 -1 -1 4 2 3 1 2 3 2 -1 -1 -1 -1 3 4 -1 -1 4 5 -1 6 6 -1 -1 -1 3 -1 5 -1 4 5 4 -1 -1 -1 1 -1 -1 3 2 -1 -1 -1 -1 6 7 8 -1 4 -1 -1 -1 -1 5 5 4 5 6 -1 -1 5 -1 5 5 -1 -1 4 5 -1 5
55
1 -1 -1 2 3 -1 -1 -1 -1 -1 1 -1 3 -1 1 -1 -1 3 4 -1 -1 -1 -1 3 3 4 5 -1 5 -1 -1 3 -1 -1 -1 -1 3 4 -1 2 -1 -1 -1 5 -1 4 -1 5 5 6 2 3 3 -1 5
82
-1 2 -1 3 3 4 4 -1 2 3 4 -1 -1 7 4 -1 2 3 4 -1 4 4 5 6 -1 -1 6 6 4 5 6 -1 -1 -1 8 7 -1 4 -1 -1 7 5 -1 -1 7 7 -1 -1 6 -1 6 -1 -1 -1 -1 -1 9 8 9 -1 10 11 -1 4 -1 -1 5 -1 -1 7 4 5 6 5 -1 -1 3 4 3 -1 4 -1
55
-1 -1 55 -1 55 -1 55 -1 -1 -1 55 -1 -1 -1 55 -1 -1 -1 55 -1 -1 55 -1 -1 -1 55 -1 55 -1 55 -1 55 55 55 55 55 -1 -1 -1 -1 -1 -1 -1 55 -1 -1 55 55 55 55 -1 -1 -1 -1 -1
100
-1 -1 1 1 -1 1 2 -1 -1 -1 3 -1 4 4 -1 -1 -1 -1 -1 -1 -1 4 -1 4 5 -1 -1 -1 -1 -1 -1 4 -1 -1 -1 -1 -1 -1 -1 5 5 -1 7 -1 6 -1 -1 7 -1 8 -1 -1 9 -1 -1 -1 9 8 7 -1 9 9 -1 8 -1 5 -1 -1 7 7 8 -1 8 -1 6 -1 8 -1 -1 -1 -1 -1 -1 2 -1 3 -1 3 -1 4 -1 3 3 -1 4 4 -1 -1 5 5
61
-1 2 -1 -1 4 -1 -1 -1 -1 -1 5 -1 -1 -1 -1 -1 -1 -1 3 -1 -1 -1 -1 -1 -1 -1 5 2 -1 -1 -1 4 -1 -1 -1 -1 -1 -1 7 -1 8 -1 -1 -1 -1 5 -1 4 5 5 -1 6 7 5 6 -1 -1 -1 -1 -1 5
54
-1 1 1 -1 -1 -1 3 -1 3 -1 -1 -1 4 3 3 -1 -1 5 -1 -1 -1 4 3 -1 -1 -1 5 4 5 -1 -1 3 4 -1 -1 -1 -1 -1 -1 -1 5 6 -1 -1 -1 -1 -1 7 8 -1 -1 -1 -1 -1
74
-1 2 2 -1 -1 -1 -1 3 -1 -1 -1 4 -1 5 -1 1 -1 -1 -1 -1 2 -1 3 4 -1 3 -1 3 -1 3 -1 -1 3 -1 -1 4 -1 -1 6 -1 -1 6 -1 -1 -1 2 3 3 4 -1 -1 5 -1 -1 5 6 7 8 -1 -1 7 -1 7 -1 4 5 -1 -1 5 -1 -1 -1 -1 3
80
-1 -1 -1 2 2 3 1 -1 3 -1 3 -1 3 4 -1 -1 -1 5 5 -1 -1 -1 4 5 5 5 -1 -1 7 8 5 -1 -1 6 -1 -1 7 7 -1 -1 -1 -1 6 -1 8 -1 -1 -1 5 -1 -1 -1 5 -1 -1 5 -1 6 7 -1 -1 5 -1 7 -1 -1 7 8 -1 -1 -1 -1 -1 7 7 7 8 -1 -1 4
96
-1 1 2 -1 -1 -1 6 -1 -1 6 -1 -1 -1 2 -1 -1 -1 -1 -1 1 2 2 -1 3 -1 5 4 -1 -1 -1 -1 4 5 6 -1 -1 -1 -1 -1 -1 6 -1 -1 -1 -1 8 2 -1 4 3 -1 5 4 -1 -1 -1 -1 -1 4 5 -1 3 -1 -1 2 2 -1 2 3 4 5 -1 -1 -1 3 -1 -1 -1 -1 -1 -1 -1 -1 4 3 -1 -1 -1 4 5 5 -1 3 -1 3 -1
80
-1 -1 -1 -1 -1 2 -1 -1 3 4 3 3 -1 -1 4 -1 -1 2 -1 3 4 4 -1 -1 -1 -1 6 -1 -1 -1 5 -1 -1 -1 2 3 -1 -1 -1 2 2 -1 -1 -1 -1 -1 -1 -1 -1 2 -1 -1 2 -1 -1 4 5 -1 -1 -1 4 -1 -1 -1 4 -1 -1 6 -1 -1 6 -1 -1 -1 -1 -1 6 -1 -1 -1
53
-1 -1 2 -1 -1 -1 2 3 3 -1 5 -1 -1 -1 -1 -1 -1 -1 -1 2 -1 3 3 -1 4 2 -1 -1 -1 3 -1 -1 -1 3 4 -1 3 -1 4 4 3 3 -1 -1 -1 -1 4 -1 -1 -1 -1 -1 5
65
1 -1 -1 1 -1 -1 4 -1 -1 2 3 -1 3 4 3 -1 -1 -1 -1 -1 -1 -1 -1 2 3 3 -1 -1 -1 -1 -1 -1 -1 -1 -1 -1 -1 7 -1 -1 7 -1 -1 -1 -1 -1 -1 3 -1 -1 -1 -1 5 -1 -1 2 -1 -1 -1 -1 6 -1 -1 -1 4
75
-1 -1 -1 -1 -1 -1 3 -1 3 1 -1 -1 -1 -1 -1 -1 -1 -1 -1 -1 -1 -1 -1 -1 -1 -1 -1 -1 5 -1 5 -1 -1 5 -1 -1 -1 -1 -1 -1 -1 2 -1 2 -1 -1 3 -1 4 -1 -1 -1 -1 -1 4 4 5 -1 -1 -1 -1 -1 3 -1 -1 -1 -1 -1 5 2 -1 -1 -1 -1 5
63
-1 -1 1 1 -1 -1 -1 -1 -1 -1 4 -1 -1 4 -1 -1 4 5 -1 4 4 -1 4 4 -1 -1 5 -1 -1 -1 -1 -1 -1 -1 6 -1 6 -1 -1 6 7 -1 -1 7 -1 -1 -1 -1 -1 10 3 -1 4 -1 -1 -1 -1 -1 -1 6 -1 -1 6
82
-1 -1 1 -1 -1 -1 -1 2 2 3 -1 -1 -1 2 -1 2 -1 -1 -1 3 -1 5 -1 -1 -1 -1 -1 1 2 -1 4 4 2 3 -1 -1 -1 5 -1 -1 6 3 -1 -1 4 -1 -1 -1 7 8 9 8 9 -1 -1 -1 -1 7 -1 -1 -1 -1 -1 -1 -1 3 -1 -1 2 3 3 4 4 -1 -1 -1 -1 -1 4 -1 -1 6
72
-1 -1 -1 -1 -1 -1 2 -1 -1 -1 2 3 2 3 -1 2 -1 -1 -1 -1 -1 3 -1 3 4 -1 -1 4 4 -1 -1 -1 2 -1 -1 -1 -1 -1 3 -1 -1 -1 4 -1 -1 -1 -1 -1 6 3 -1 -1 -1 -1 -1 -1 2 -1 -1 -1 -1 -1 4 3 -1 -1 -1 -1 -1 3 -1 -1
83
1 -1 2 1 -1 -1 -1 -1 2 -1 3 4 -1 -1 -1 5 -1 6 4 -1 -1 -1 -1 -1 -1 -1 -1 -1 -1 -1 4 -1 1 -1 2 -1 3 -1 3 3 4 -1 -1 -1 5 3 -1 -1 3 4 -1 3 -1 -1 -1 -1 2 -1 -1 3 -1 -1 -1 -1 2 3 -1 3 -1 -1 -1 -1 4 -1 -1 -1 -1 -1 2 3 -1 2 3
74
-1 -1 -1 -1 -1 -1 -1 -1 3 -1 -1 -1 4 -1 4 -1 -1 5 -1 -1 7 -1 -1 -1 -1 5 -1 -1 -1 -1 -1 -1 -1 6 6 -1 -1 6 6 -1 -1 -1 -1 -1 7 7 4 -1 5 6 -1 5 -1 6 6 -1 6 -1 -1 7 7 -1 -1 -1 -1 -1 4 -1 6 -1 -1 -1 -1 -1
72
1 -1 2 -1 -1 -1 -1 -1 -1 -1 -1 3 -1 5 5 -1 -1 -1 4 -1 3 3 -1 -1 -1 5 -1 -1 5 -1 -1 4 -1 -1 4 5 -1 -1 -1 -1 -1 -1 -1 3 -1 -1 -1 -1 -1 -1 -1 -1 -1 -1 3 -1 -1 -1 -1 4 -1 -1 -1 -1 -1 -1 5 6 -1 -1 -1 -1
97
-1 -1 -1 2 -1 4 -1 -1 -1 2 2 2 -1 4 3 4 -1 -1 4 -1 -1 -1 -1 -1 -1 -1 3 -1 -1 -1 -1 -1 -1 -1 4 -1 -1 3 -1 -1 2 -1 -1 -1 -1 -1 -1 -1 2 -1 3 4 -1 6 -1 -1 -1 -1 -1 -1 -1 4 -1 -1 5 -1 5 -1 -1 -1 -1 -1 -1 -1 -1 -1 7 -1 -1 -1 -1 -1 -1 -1 -1 4 -1 5 -1 -1 -1 -1 -1 -1 4 -1 -1
57
-1 2 -1 -1 -1 -1 -1 -1 2 -1 -1 -1 -1 3 -1 -1 -1 -1 -1 3 3 -1 4 -1 -1 5 -1 -1 2 -1 -1 -1 -1 4 -1 2 -1 -1 -1 4 -1 -1 -1 -1 -1 7 -1 -1 4 -1 -1 6 7 -1 4 -1 -1
60
-1 1 2 -1 -1 3 -1 -1 -1 -1 -1 -1 -1 4 3 -1 3 -1 -1 -1 -1 -1 -1 -1 5 -1 -1 -1 -1 -1 -1 3 -1 -1 -1 2 1 2 -1 -1 4 -1 -1 -1 -1 -1 -1 -1 -1 -1 5 -1 -1 -1 -1 -1 -1 -1 4 -1
70
1 -1 -1 1 -1 -1 1 -1 1 -1 -1 -1 2 -1 -1 -1 -1 -1 2 1 -1 3 3 -1 -1 -1 -1 -1 4 -1 -1 -1 4 -1 -1 3 4 -1 -1 -1 -1 -1 4 -1 5 5 -1 -1 -1 -1 -1 7 -1 -1 -1 11 -1 -1 -1 -1 -1 2 3 -1 -1 -1 -1 -1 3 -1
87
-1 -1 -1 3 4 -1 -1 -1 -1 -1 -1 -1 5 -1 4 3 -1 -1 -1 -1 -1 -1 -1 -1 -1 -1 -1 2 2 -1 2 -1 1 -1 -1 2 -1 -1 -1 -1 -1 4 -1 -1 -1 -1 -1 -1 -1 -1 -1 -1 6 7 -1 -1 -1 4 -1 -1 -1 -1 -1 -1 -1 -1 -1 -1 -1 4 5 -1 6 5 3 4 5 -1 -1 -1 -1 3 4 -1 6 -1 -1
55
-1 -1 -1 2 -1 -1 3 -1 -1 -1 -1 -1 -1 -1 -1 -1 -1 -1 -1 -1 -1 5 -1 -1 -1 5 -1 -1 4 -1 -1 4 -1 -1 4 -1 5 6 -1 -1 -1 -1 -1 4 5 -1 -1 -1 -1 -1 9 6 -1 8 -1
90
1 -1 -1 -1 2 -1 -1 -1 -1 -1 2 -1 -1 -1 2 3 -1 -1 -1 2 -1 -1 3 -1 -1 3 -1 -1 -1 -1 -1 -1 -1 -1 -1 -1 -1 -1 -1 -1 -1 -1 -1 4 -1 6 5 -1 -1 -1 -1 -1 5 -1 -1 -1 3 -1 -1 -1 -1 5 -1 -1 -1 5 -1 -1 7 -1 9 -1 6 7 -1 8 5 -1 -1 -1 -1 -1 5 -1 -1 -1 -1 -1 -1 -1
75
-1 1 -1 -1 -1 2 3 -1 -1 -1 -1 -1 -1 2 -1 -1 -1 -1 -1 -1 -1 -1 -1 -1 4 -1 -1 -1 -1 -1 -1 5 6 -1 -1 -1 -1 -1 -1 3 2 -1 -1 -1 -1 -1 -1 -1 -1 -1 -1 -1 -1 -1 -1 -1 -1 -1 -1 2 -1 -1 -1 -1 -1 -1 4 4 -1 -1 6 6 7 -1 -1
67
1 -1 -1 -1 -1 -1 -1 -1 -1 4 -1 -1 -1 -1 2 -1 -1 4 -1 -1 -1 4 5 -1 -1 -1 -1 -1 -1 -1 -1 -1 -1 -1 -1 -1 -1 -1 -1 -1 -1 3 -1 3 -1 -1 -1 -1 -1 -1 -1 -1 -1 -1 -1 -1 5 -1 7 -1 -1 8 -1 4 -1 -1 7
70
-1 -1 -1 -1 -1 -1 -1 -1 -1 -1 2 -1 -1 -1 -1 -1 -1 -1 -1 -1 -1 -1 -1 -1 4 -1 4 3 -1 -1 -1 -1 -1 -1 -1 -1 -1 4 3 -1 -1 -1 -1 7 6 -1 -1 -1 -1 -1 -1 -1 -1 -1 3 4 -1 -1 -1 3 -1 4 -1 -1 -1 -1 -1 -1 1 -1
82
-1 1 -1 3 1 -1 -1 3 -1 -1 -1 -1 -1 -1 -1 2 -1 -1 -1 -1 -1 -1 -1 -1 -1 -1 -1 -1 -1 -1 5 -1 -1 -1 -1 -1 -1 -1 -1 -1 3 -1 3 2 -1 3 4 -1 -1 -1 -1 6 6 -1 7 -1 -1 -1 -1 -1 2 -1 -1 -1 3 -1 -1 -1 -1 -1 -1 -1 -1 -1 -1 5 -1 -1 -1 -1 -1 5
55
-1 -1 -1 -1 -1 -1 -1 -1 -1 -1 -1 -1 -1 3 -1 4 -1 -1 -1 -1 -1 -1 -1 -1 -1 -1 7 -1 -1 -1 -1 6 -1 -1 -1 6 -1 7 -1 1 -1 -1 -1 -1 3 -1 -1 -1 -1 -1 -1 -1 -1 3 -1
66
-1 -1 -1 3 -1 -1 -1 -1 -1 2 -1 -1 -1 -1 5 -1 -1 -1 -1 -1 -1 -1 -1 -1 -1 -1 -1 -1 4 -1 -1 -1 -1 -1 -1 -1 -1 -1 -1 -1 -1 -1 -1 -1 -1 -1 5 -1 -1 -1 -1 -1 -1 -1 -1 -1 6 -1 -1 -1 -1 -1 -1 7 6 -1
88
-1 88 -1 -1 -1 -1 -1 -1 -1 88 -1 -1 -1 -1 -1 -1 -1 -1 -1 88 -1 88 -1 -1 88 -1 -1 -1 -1 88 -1 -1 -1 -1 88 -1 -1 -1 -1 -1 -1 -1 -1 -1 -1 -1 -1 -1 -1 88 -1 -1 -1 -1 -1 -1 88 -1 88 -1 -1 -1 -1 -1 88 -1 -1 -1 -1 -1 -1 -1 -1 88 -1 -1 -1 -1 -1 -1 -1 -1 88 -1 -1 -1 -1 -1
99
1 -1 3 -1 -1 4 -1 -1 -1 -1 -1 2 2 3 -1 -1 3 -1 -1 -1 -1 -1 -1 -1 -1 -1 -1 -1 -1 -1 -1 -1 -1 -1 -1 -1 -1 -1 -1 -1 -1 -1 -1 -1 -1 -1 -1 -1 -1 2 -1 -1 -1 -1 -1 3 3 -1 -1 -1 -1 -1 -1 -1 6 -1 7 -1 -1 -1 -1 -1 -1 -1 5 -1 -1 -1 -1 -1 -1 -1 -1 -1 -1 -1 -1 -1 -1 3 4 -1 -1 -1 -1 -1 -1 -1 -1
78
-1 -1 -1 -1 -1 -1 -1 3 3 -1 2 -1 -1 -1 -1 -1 -1 -1 -1 -1 -1 -1 -1 -1 -1 -1 -1 -1 -1 -1 -1 -1 -1 -1 3 -1 -1 -1 -1 -1 -1 -1 -1 -1 -1 6 -1 -1 -1 -1 7 -1 -1 -1 -1 -1 -1 -1 -1 -1 -1 -1 -1 4 -1 -1 -1 -1 -1 -1 -1 -1 -1 -1 -1 -1 7 -1
92
-1 -1 3 -1 -1 -1 -1 -1 -1 -1 -1 -1 -1 -1 -1 -1 -1 -1 -1 -1 -1 -1 -1 -1 -1 -1 -1 -1 -1 -1 -1 -1 2 -1 -1 -1 -1 -1 -1 -1 -1 -1 -1 -1 -1 -1 -1 -1 -1 -1 -1 -1 -1 -1 -1 -1 -1 -1 -1 -1 -1 -1 -1 5 -1 -1 -1 -1 -1 -1 -1 -1 -1 -1 3 -1 -1 -1 5 -1 -1 -1 3 -1 -1 6 -1 4 -1 -1 -1 -1
69
-1 -1 -1 -1 -1 -1 -1 -1 2 -1 -1 -1 -1 1 -1 -1 -1 -1 -1 -1 -1 -1 5 -1 -1 -1 -1 -1 -1 -1 -1 -1 -1 -1 -1 -1 3 2 -1 4 -1 -1 -1 -1 -1 -1 -1 -1 -1 -1 -1 -1 -1 -1 -1 -1 -1 -1 -1 8 -1 -1 -1 -1 -1 -1 -1 -1 -1
87
-1 -1 1 -1 -1 -1 3 -1 -1 -1 -1 -1 -1 -1 -1 -1 -1 -1 -1 -1 -1 -1 -1 -1 -1 -1 -1 -1 -1 -1 -1 -1 -1 -1 -1 -1 -1 -1 -1 2 -1 -1 2 -1 -1 -1 -1 -1 -1 -1 -1 -1 -1 -1 -1 -1 -1 -1 -1 -1 -1 -1 -1 -1 -1 -1 -1 6 -1 -1 -1 -1 -1 -1 -1 -1 -1 -1 3 4 -1 -1 -1 -1 -1 -1 -1
69
-1 2 -1 1 -1 -1 -1 -1 -1 -1 -1 -1 -1 -1 -1 -1 -1 -1 -1 -1 -1 -1 -1 -1 -1 -1 6 -1 -1 -1 -1 6 -1 -1 6 -1 -1 -1 -1 9 -1 -1 -1 -1 -1 -1 -1 -1 -1 -1 -1 -1 -1 2 -1 -1 -1 -1 -1 -1 -1 7 -1 -1 -1 -1 -1 2 2
81
-1 -1 -1 -1 -1 -1 -1 -1 5 -1 -1 -1 -1 -1 -1 -1 -1 -1 -1 -1 -1 -1 -1 -1 -1 -1 -1 -1 -1 -1 6 -1 -1 -1 -1 -1 -1 -1 -1 -1 -1 -1 3 2 -1 -1 -1 -1 -1 -1 -1 -1 5 -1 6 -1 -1 -1 -1 -1 -1 -1 -1 -1 -1 -1 -1 -1 6 -1 -1 -1 -1 -1 -1 -1 -1 -1 -1 -1 -1
60
-1 1 -1 -1 -1 -1 -1 3 -1 4 -1 4 -1 -1 -1 -1 -1 -1 2 -1 -1 -1 -1 -1 -1 -1 -1 -1 -1 -1 -1 -1 -1 -1 -1 -1 -1 4 -1 -1 2 -1 4 -1 -1 -1 -1 -1 4 -1 -1 -1 -1 -1 -1 -1 -1 3 -1 -1
82
-1 -1 -1 -1 -1 -1 -1 -1 -1 -1 -1 -1 -1 -1 -1 -1 -1 -1 -1 -1 -1 -1 -1 -1 -1 -1 -1 -1 -1 -1 -1 -1 -1 -1 -1 -1 -1 -1 -1 -1 -1 -1 -1 -1 -1 -1 -1 -1 -1 -1 -1 -1 -1 -1 -1 -1 7 -1 -1 -1 4 -1 -1 -1 -1 -1 -1 -1 -1 -1 -1 -1 -1 -1 -1 -1 -1 -1 -1 -1 -1 -1
100
-1 -1 -1 -1 -1 -1 -1 -1 -1 -1 -1 -1 -1 -1 -1 -1 -1 -1 -1 -1 -1 -1 -1 -1 -1 -1 -1 -1 -1 -1 -1 -1 -1 -1 -1 -1 -1 -1 -1 -1 -1 -1 -1 -1 -1 -1 -1 6 -1 -1 -1 -1 -1 -1 7 -1 -1 -1 -1 -1 -1 -1 -1 -1 -1 -1 -1 -1 -1 -1 -1 -1 -1 -1 -1 -1 -1 -1 -1 -1 -1 -1 -1 -1 -1 -1 -1 -1 -1 -1 -1 -1 -1 -1 -1 -1 -1 -1 -1 -1
100
-1 -1 -1 -1 -1 -1 -1 -1 -1 -1 -1 -1 -1 -1 -1 -1 -1 -1 -1 -1 -1 -1 -1 -1 -1 -1 -1 -1 -1 -1 -1 -1 -1 -1 -1 -1 -1 -1 -1 -1 4 -1 -1 -1 -1 -1 -1 -1 -1 -1 -1 -1 -1 -1 -1 -1 -1 -1 -1 -1 -1 -1 -1 -1 -1 -1 -1 -1 -1 -1 -1 -1 -1 -1 -1 -1 -1 -1 -1 -1 -1 -1 -1 -1 -1 -1 -1 -1 -1 -1 -1 -1 -1 -1 -1 -1 -1 -1 -1 -1
100
-1 -1 -1 -1 -1 -1 -1 -1 -1 -1 -1 -1 -1 -1 -1 -1 -1 -1 -1 -1 -1 -1 -1 -1 -1 -1 -1 -1 -1 -1 -1 -1 -1 -1 -1 -1 -1 -1 -1 -1 -1 -1 -1 -1 -1 -1 -1 -1 -1 -1 -1 -1 6 -1 -1 -1 -1 -1 -1 -1 -1 -1 -1 -1 -1 -1 -1 -1 -1 -1 -1 -1 -1 -1 -1 -1 -1 -1 -1 -1 -1 -1 -1 -1 -1 -1 -1 -1 -1 -1 -1 -1 -1 -1 -1 -1 -1 -1 -1 -1
100
-1 -1 -1 -1 -1 -1 -1 -1 -1 -1 -1 -1 -1 -1 -1 -1 -1 -1 -1 -1 -1 -1 -1 -1 -1 -1 -1 -1 -1 -1 -1 -1 -1 -1 -1 -1 -1 -1 -1 -1 -1 -1 -1 -1 -1 -1 -1 -1 -1 -1 -1 -1 -1 -1 -1 -1 -1 4 -1 -1 -1 2 -1 -1 -1 -1 -1 -1 -1 -1 -1 -1 -1 -1 -1 -1 -1 -1 -1 -1 3 -1 -1 -1 -1 -1 -1 -1 -1 4 -1 -1 -1 -1 -1 -1 -1 8 -1 -1
100
-1 -1 -1 -1 -1 2 -1 -1 -1 -1 -1 -1 -1 -1 -1 -1 -1 -1 -1 -1 -1 -1 -1 -1 -1 -1 -1 -1 -1 -1 -1 -1 -1 -1 -1 -1 -1 -1 -1 -1 -1 -1 -1 -1 -1 -1 -1 -1 -1 -1 -1 -1 -1 -1 -1 -1 -1 -1 -1 -1 -1 -1 -1 -1 -1 -1 -1 -1 -1 -1 -1 -1 -1 -1 -1 -1 -1 -1 -1 -1 -1 -1 -1 -1 -1 -1 -1 -1 -1 -1 -1 -1 -1 -1 -1 -1 -1 -1 -1 -1
