30
10
551382 318189 367067 46699 457961 621972 23981 504433 456653 79507
256242 190892 308636 275702 591677 43191 3970 16358 724001 211278
61784 155543 656761 599210 986964 988502 58439 81226 798632 798810
817196 771894 173714 758630 268880 504380 645564 107092 792663 180179
622251 917724 711046 921573 813955 47926 644147 482972 251529 618437
60078 662705 513654 374259 573741 745664 942821 123702 757083 202181
431586 763130 655612 983151 626552 561936 952528 210184 871543 563359
853410 652032 410545 297892 926348 68844 728317 567298 493786 437359
921260 171959 41116 680009 826796 576707 675510 383167 186256 14702
330273 315204 828921 977903 496563 989382 559673 59137 45829 954553
10
676532 15113 502012 431245 797188 146416 256171 337062 982691 629123
381691 788632 256743 379112 202750 285716 357945 705052 591041 938070
917892 596302 390680 491593 57838 557920 70014 84789 696683 904389
209885 896288 660500 29876 416549 573775 225437 947672 661989 288288
27521 189880 491157 567143 659688 849040 250157 99896 270616 994528
265340 988015 444267 414649 88065 715834 838324 703428 888997 928794
908353 200875 612433 859814 68079 312434 873016 138468 420819 449338
137951 599449 736912 389166 730826 714711 353743 730040 234251 806362
945975 765133 795934 222081 106451 63841 658847 61939 436486 412137
360309 91771 894500 912666 149493 807283 802164 874476 333445 387951
10
871151 220395 610121 648946 798228 528001 82553 227607 817919 224787
502351 124418 904107 626608 991328 971501 664639 1215 634948 107030
716507 767375 392821 270241 555256 514854 214988 949097 771317 305862
334860 962468 393353 283502 192147 418023 254426 686973 406930 350902
797957 236484 853375 706272 428034 485301 678222 387963 142271 808276
968704 369003 741124 982780 61490 343008 252895 724716 637589 982479
962629 243037 76585 863753 334402 254919 951932 334675 800029 577750
398821 421805 526987 464773 603614 171205 496266 557068 637468 137621
780923 319281 868399 871122 440206 966645 497957 109498 449695 705430
596612 720718 469035 869346 451723 198066 128967 913045 476407 872530
10
641924 397678 129791 58095 919025 14895 101031 476834 763679 982808
950599 254862 277593 383313 565688 767140 657101 651256 560722 737518
63590 124479 172197 457956 855335 254238 46592 784419 880526 936546
158554 842719 274167 859429 415248 1499 889059 716282 496016 87107
470593 141281 460744 618331 971098 592189 810801 538191 162323 891510
626486 593559 14599 33509 118515 621854 999127 880265 600650 615092
192176 255896 804148 394643 57488 928655 405230 418989 620360 449278
942293 518106 871848 901076 595 301027 166570 117597 910135 786672
154990 360240 994510 172607 444788 935271 164424 231866 891990 949510
425323 736224 957317 760098 149769 319890 989140 409290 402172 289212
10
730343 433842 871177 551861 654964 350136 567085 498333 708565 754876
454839 869828 339086 951498 111497 777908 934748 892108 368338 515295
981106 234310 517485 91013 561713 972449 649854 669282 878734 218955
345874 705732 583865 926300 183496 851257 6917 335377 668423 855684
556288 241808 19499 310907 172392 557620 868671 352065 623140 410207
358006 39212 656458 379309 172268 496541 959814 537599 760552 926171
495876 803004 53411 82616 263549 217204 670066 257075 682617 605888
706427 882299 836763 692175 849497 963417 206144 273301 671114 566902
43137 655633 365424 516308 429336 421078 600000 239633 694240 434205
255471 394412 950431 964273 975945 986901 705990 289099 415527 120651
10
830541 603300 490391 86527 867825 866289 659116 468673 528807 512227
552610 693558 764403 651759 103131 547307 190532 248847 911807 167408
496806 659607 832412 461363 853824 264464 866658 25069 811599 289518
63451 858527 455860 297503 39642 25302 727834 608434 486883 620395
456502 400169 565768 720230 972502 316446 662941 691841 714397 397662
373447 395712 399693 970815 449020 796915 135001 740187 197579 243108
864008 131178 740899 831864 799585 190664 67472 218396 45084 755458
577374 983778 434597 697017 875407 703370 281493 911600 350131 9843
919151 446513 665629 70984 431098 580533 49871 356801 23894 445695
685167 385237 385373 280157 15283 706238 134971 384452 437620 15879
10
685002 274830 130830 999513 881555 878005 915154 619215 975043 353384
818244 305483 333949 813401 278288 41554 684074 133313 561131 958671
989104 929990 265943 162556 325955 779149 542205 114012 163495 905218
557133 515521 294156 603004 776651 839395 185603 514488 703074 899990
404270 396676 560626 649832 287764 733759 197442 203820 799994 878402
870047 530178 874842 528594 626597 374791 335423 172012 115723 388900
895477 237594 733857 194058 936786 492260 191482 494699 518964 34464
786357 607960 543683 278707 300198 976626 987976 48390 453290 197377
219383 92910 306757 832658 977079 948878 693801 447542 670849 216509
178462 407268 511013 286337 641405 140058 284575 885863 793143 226400
10
450947 762997 492783 885560 784607 489779 281453 930874 181778 633000
878189 298137 275224 837489 890854 846244 587065 248633 650438 39047
757252 964845 792469 619055 307793 443491 16754 319592 860556 661859
49690 941588 68564 807134 596432 481628 129244 65678 385921 322798
9886 121658 787834 773204 179058 673205 692860 914613 60326 744288
258601 63765 34175 813819 794630 603973 491615 598970 552937 341370
863615 409625 93189 932593 906597 304571 807521 246038 40617 162776
867723 476951 65755 784149 778066 875260 747697 271607 695692 400359
59468 94207 582227 729664 11498 705415 909929 608062 445191 866389
574334 110407 968099 925535 728802 1607 57364 199645 583490 461195
10
739804 580568 445592 246403 676166 167716 303251 543670 403397 945826
936437 435630 901024 683223 680554 843500 753452 475547 935718 495418
778688 873446 604161 972481 927357 782491 810950 169420 458275 400647
586096 53088 732644 205849 760597 963348 399831 631020 956485 219130
683804 488528 668691 364299 948850 600579 467805 423824 968365 994071
804344 716656 699603 213808 962924 733483 359445 253515 228018 179910
593060 791991 719074 386964 738215 901777 194315 179002 771813 576826
636727 732392 298629 338348 988058 129611 288438 927640 360480 496534
754995 164154 84861 896089 665859 266833 568031 176886 692995 753176
372364 176087 320640 398892 142324 42195 334788 731994 113603 148098
10
372779 521807 261907 333484 322174 320020 16295 607324 266853 634922
596084 695489 967219 68649 506032 313734 316543 973425 348972 348412
896579 595161 486544 927339 901137 220203 160010 250541 265944 608625
878425 38942 56032 861144 18897 301013 333455 643492 263804 555127
34282 680076 909947 458698 515403 392002 495703 550796 568875 610668
330270 218262 118707 3797 336864 586903 236494 22894 279422 601633
81210 158165 745682 203758 799728 865842 212110 984002 464116 335379
311710 37829 183324 351048 281814 706604 524322 938465 953904 81380
401550 31353 626966 710420 869111 951984 31806 142228 278286 622824
21881 705602 312920 715759 121975 374182 83634 663119 907499 533062
10
884030 142846 814850 807512 245965 263759 952807 518324 820071 216688
678538 392267 972466 495336 862083 45836 343933 568294 67365 681604
624861 584867 86544 474895 558527 935621 479107 312508 775588 439902
676921 964142 640434 387384 180703 457079 367203 159603 493349 575032
347581 897682 964081 971296 243192 248150 69562 129672 780698 284019
303239 717451 887955 839947 86806 621695 46775 758685 483332 319179
58207 610325 375733 608977 199652 163649 473057 447834 919336 606496
897755 870386 713216 855739 531581 616420 206965 498985 576670 345957
53445 935802 634468 350878 583504 181508 985858 955334 912695 399782
494380 133620 661740 707584 265928 593965 345801 23518 851172 212759
10
960305 207794 565072 847464 103166 502822 328846 164598 117002 858607
322736 128254 792611 419314 161599 659739 380598 529114 194716 134310
315753 748766 335900 745164 410675 135630 927215 565288 963221 156811
825927 401742 123358 346043 449553 860413 304409 402508 854895 708020
879121 671984 49149 351278 652664 526927 125788 707222 739534 458375
112890 812898 341001 631518 511415 91538 404061 837621 164487 798850
788863 988184 611436 909530 924165 381083 845299 686508 508916 546464
446231 941096 678515 274279 710461 21882 637150 755732 767320 614028
501633 214381 426054 662641 745108 875976 301314 529315 863522 52349
471266 414309 856095 698258 441631 5431 526439 979419 747361 626851
10
902629 945089 72321 545883 868531 146656 361999 908384 618808 382472
2414 728420 453206 10311 170421 448930 401401 788237 654733 637398
184968 562827 333870 267900 393541 439766 704524 68625 991979 776386
96529 210295 889685 380613 713227 452095 434260 466954 232728 949606
501581 761749 154138 317426 396629 447196 253689 815667 536256 905928
213045 586380 476054 186238 986725 723892 827568 695149 639967 734625
739700 439136 729180 902997 222790 664748 229771 317385 198132 184606
384453 960403 626194 112604 483071 629260 470135 637445 966531 517343
559163 49913 115560 129720 396156 300343 21081 742443 653203 426163
751063 887156 93724 52229 200389 426081 131615 355113 151614 323793
10
651912 84345 454709 201310 266687 917921 380583 271130 52890 267531
73646 185271 84318 447929 381505 132691 21386 547784 147191 164575
324493 445761 412009 144223 477855 470577 26098 215787 188556 581740
644317 866174 58904 373221 501805 373999 346313 610262 297382 761639
997132 8695 148683 230439 103456 165132 192392 150289 378968 853103
672385 478572 950720 197904 311836 789740 758633 324295 946425 14421
388750 620367 923531 59693 645042 684385 626191 553387 452292 531257
767242 49497 13176 928796 8799 375619 31087 686625 620232 423849
672683 567910 868986 685134 926473 370550 297751 753705 773577 783283
193139 221174 551406 777603 592728 775485 730107 283207 811119 306854
10
120333 820149 188197 723780 270432 982304 796409 158093 558260 802298
888530 275762 891928 745214 400509 437439 768761 467444 443888 425507
691761 340337 146410 995233 901593 471239 83095 27898 599574 767205
997911 97839 406389 453850 147045 886387 290128 361771 932554 494474
847685 648553 306683 474967 746741 48545 719781 711361 36756 832968
841507 111592 949775 216116 390471 779590 245804 815540 132546 6145
893456 673746 821895 778918 951446 276186 869297 82311 718332 748008
939733 997738 338962 80479 797041 95115 957954 72652 697889 971619
287136 109464 38745 313827 544464 164512 909769 405555 379278 651539
883566 827925 341731 693135 940732 579032 881 463749 912884 187669
10
62256 961704 48191 915920 679786 946348 985213 499403 5145 920677
793335 811170 174819 67613 397727 999591 279120 627890 190831 574006
641946 495532 873182 291743 226784 655046 198858 893206 163710 568986
641225 275564 614400 474964 326593 628463 127336 479038 42533 656148
669981 849566 221303 477529 661055 222666 328278 258398 27853 388076
293426 865684 817025 345773 517570 838952 205247 303778 773531 672363
672732 590239 263829 824211 891980 881029 700263 788175 316526 498517
26572 392323 63343 708081 828247 69027 607954 776853 886209 462859
443986 5058 71600 609487 388034 471376 373858 732390 258508 66610
664531 153771 965052 143160 214185 921537 698668 771998 695985 678421
10
72914 926395 419267 222576 281785 437411 329817 466429 711804 378586
885758 133142 54612 472428 528935 360343 429531 944810 217955 930672
497514 43914 749985 161079 954700 13111 764448 684520 178770 50369
313816 535861 537741 419247 547029 367533 56142 191378 944098 636696
589729 531695 253392 388266 515696 203225 522703 161174 757101 369426
359449 303681 4509 999592 474179 917593 56222 914085 687613 665186
438406 950948 84138 436732 908215 133606 996676 560356 857043 47917
236427 540051 717154 142513 745953 7566 105475 667726 938717 464498
907245 917817 364460 172955 135260 403694 302461 962643 183310 148817
175820 849927 661335 862781 200982 177336 214371 839638 881270 599835
10
940558 620120 262902 161236 646608 512525 359655 593711 596926 373885
873909 318478 622273 545719 232683 623839 770325 781101 655629 301895
536156 483888 514255 174726 403499 709573 206754 532834 482059 24471
237969 877229 970145 25556 554211 54259 705494 273887 203810 7345
574819 302492 850041 485860 985668 268411 9502 261403 424824 616057
232438 695847 159089 388904 531978 586735 469077 283330 889250 859493
348382 555220 70758 503937 309489 5309 915712 411001 699865 938967
197099 594862 877997 698757 1020 91995 374427 897128 645725 791180
157460 706773 988110 839997 686280 938685 392555 62930 829759 592958
182010 818308 738679 260027 467005 246179 159071 969899 596143 379142
10
773449 344236 212037 326977 682452 810356 782102 203981 617828 40698
25282 532802 914792 991723 658827 77155 981983 814722 39169 825214
146326 689683 25574 688166 932798 429007 321555 576296 614586 629086
784401 52309 517853 839862 23399 737729 412996 373054 849982 242909
528076 947041 666649 900762 9621 586585 302281 752350 149883 844411
946859 888602 107120 852621 893903 438496 233805 270069 392179 483224
676965 929494 250936 714979 799410 112787 780648 264779 627925 423095
684354 475493 442672 831847 915222 667407 218173 700906 520840 455239
911937 395223 94200 736124 311873 668140 495408 713072 267678 220285
449022 342884 742501 502685 70796 825218 11627 406561 321956 673605
10
125117 269330 165031 74621 63571 279374 474302 959174 393745 318276
171863 797890 339441 123619 890106 857138 356948 587596 472238 144666
783544 338538 298442 41124 627400 900517 286890 497061 84708 912293
529564 473498 813320 292902 207527 960608 620317 904090 849144 337815
86662 852198 424992 274688 841876 442402 823932 142823 76416 962894
313415 228146 67891 648427 359479 486046 572485 460759 964201 305115
674305 690697 911292 726818 992859 762023 611072 97568 314745 939798
788059 525340 858090 222240 129771 62577 591730 85442 930983 467788
455786 853372 563354 357147 733421 921597 3282 797275 22110 269758
815061 885045 80474 463820 580804 350928 190199 114422 889327 65981
10
471432 319402 851690 256639 744560 179066 618459 235346 322803 447964
184430 419785 521150 302038 709185 334146 239228 57486 724150 417523
371256 642642 328089 400404 513045 479658 638492 588469 198980 471564
269253 157152 204827 770442 809798 755561 693089 488226 135937 398392
762917 192426 536362 566593 32756 577257 863413 380580 958929 432573
829282 380685 93001 807936 69983 241454 579988 6051 957717 25753
966473 429189 820614 911446 642639 260860 849121 638111 306195 659125
640629 276364 407689 941790 959468 93480 616079 59324 525813 933380
341651 842924 206672 89832 468232 945047 40297 608351 324337 576927
454604 511368 127790 36956 932271 208822 98793 347445 586082 550118
10
935702 915296 164244 399365 526966 417162 980336 441456 34818 793141
627401 296399 376089 935782 679001 490105 447320 46199 399051 396585
240896 544738 134665 695194 520832 157692 668627 369775 892160 137544
10268 685480 44439 829870 137252 398737 439306 883706 575832 249338
501538 95578 221266 642642 718197 426850 615014 171005 231192 287029
505104 980784 980926 820710 863552 647515 506098 304328 178239 566056
565284 422348 960787 851029 746604 601546 685035 564448 394237 249220
976672 361189 582004 670263 674184 970572 121444 352122 950000 55861
11505 454520 716834 647383 451526 138435 435410 28579 688640 106366
828234 448619 868416 248766 427792 280619 601940 100395 652693 277627
10
818179 293287 728087 861574 182841 953815 302012 173582 427395 593589
164010 607104 520874 225897 297969 548092 378846 510253 636459 502005
562909 24311 553372 390013 499762 897364 476641 341296 471689 731143
333622 154780 799854 690209 269333 543420 466679 329733 138904 996643
646385 477161 4290 429276 78284 599388 168716 945811 521595 277746
711870 125529 303828 460912 488728 991848 726107 421856 304183 434442
678058 821879 880859 784972 750041 547216 875531 99897 411326 501282
706843 432640 407105 375749 157191 19361 948685 944653 293780 441115
34816 441874 282038 615480 822549 39427 453615 399662 683305 338086
908685 276391 26463 682628 681222 415780 325186 324703 30063 144121
10
493068 795706 910878 425419 955677 263129 491268 557107 320668 447425
675277 726508 969821 910350 128010 94276 773320 4387 642923 801065
584977 58008 851201 960497 429087 177596 753811 716386 618530 228065
978154 224043 866232 465568 981265 508250 827965 518728 53351 200332
264439 882217 458014 955692 764043 711037 896935 848585 321734 504461
541227 145063 666420 505046 220189 131629 373692 837578 726981 908089
432308 954936 993786 5751 138981 822795 779213 745766 623811 939817
154797 262895 991748 345423 419721 629129 759657 612108 853409 540164
103117 857046 705654 924758 47548 769031 860167 276145 265821 296818
316755 145609 126250 892540 547071 937074 612073 898274 807024 968025
10
832383 846879 2111 931318 650510 951387 195260 761732 833620 162770
317357 364983 986402 921994 762668 322126 802994 500790 972511 968705
266145 21338 902042 533498 901538 129581 283726 677571 976323 419519
438353 525663 770556 85608 804799 450753 65505 790215 953123 637401
776981 980087 799362 662020 838390 508410 618323 960510 766191 609454
264432 822298 953629 940283 593735 330440 867870 750638 258418 482408
891963 789755 854116 206531 735458 313792 214849 171403 469886 227647
54713 166158 350439 210846 718650 236128 814331 738051 960271 284035
19975 996270 529333 612259 981617 912911 280575 773975 515868 352604
229871 418656 208283 995689 116436 147162 324623 297341 947889 314234
10
256980 839399 551732 822873 933531 12754 761190 186718 125027 330378
543999 780689 95294 619723 70759 2645 223469 264402 713101 437467
400457 840289 93092 32963 385195 794366 421701 284664 269595 69894
236625 899666 450537 489998 703748 14028 762934 146797 611705 511712
654229 935710 918358 259088 273757 610484 262882 171909 514503 740422
163223 181099 810694 760173 468261 326671 330071 536503 355131 54790
194812 176187 279199 530585 810019 348629 684868 466570 935008 710518
663237 363500 863363 199613 155222 895425 500966 730114 902275 55963
638068 207511 287801 650063 73064 423361 746207 403852 160678 191762
936622 789087 316692 342535 559716 811389 689042 595441 441590 553759
10
940823 463356 603035 999311 769226 224529 223212 341059 518162 767253
10454 960924 550424 782962 77796 502672 372278 750878 3621 870077
522816 237588 798982 659378 864407 745440 139616 441455 917439 76258
261321 147026 414141 142231 900374 929604 493357 974939 951920 777541
807241 453365 847981 426041 187616 954819 75252 311881 348056 263021
577323 35761 503839 356061 484583 929352 49331 898807 618311 977740
856117 451742 763669 377087 271592 697698 838535 693968 661326 499141
748669 619659 461674 241316 62949 364580 656103 234430 829929 909546
748170 285070 258131 539418 443294 504056 122218 848513 494267 454526
322822 229073 60807 46136 881754 570867 37873 605355 672416 319536
10
703098 14576 751275 150675 416857 224434 172841 313054 171766 252499
875601 681687 246997 982731 738043 665671 321634 376919 272536 252287
848750 207310 770116 259926 512982 371205 677648 699454 339725 418517
494266 757855 715907 908486 623216 537136 739252 899111 673256 712096
71537 804170 470927 320201 273640 906399 937098 172148 312509 294794
506564 3917 602700 67603 351247 766676 838954 642941 130100 868448
114892 703282 18799 92302 563422 975813 929648 656677 803545 108164
282707 157985 8187 965909 449392 839856 867784 964717 693606 125792
929214 7877 811462 570610 486537 271155 515945 364693 619459 269578
646847 898873 423392 895382 526678 978020 453588 193917 376218 705353
10
35736 250538 909313 516048 247823 646694 162276 221669 850072 21514
411993 773119 68268 879190 521750 58137 470621 669846 656058 384534
15919 94141 621462 769084 223326 320641 427746 142247 575253 941660
863033 462378 601408 185961 779453 777922 668155 905767 49426 917947
247459 75460 391150 460368 434140 81577 209849 312598 606512 353314
4716 301723 463837 726200 843620 871493 86279 787356 272635 663398
802618 563977 59233 913550 489502 384649 482447 832421 263359 229715
864815 661392 450694 626398 334416 920730 484762 817337 958997 258888
679629 390984 834018 430159 20367 198313 314746 801960 54140 874781
580740 990743 782943 817869 779088 197012 163935 302688 485999 78737
10
258858 438243 219371 291585 295245 873190 433051 17980 325695 444985
541998 119435 15776 163442 927043 298467 707564 886599 430013 42732
179313 669187 81931 41026 707184 471045 709858 946919 161334 942116
559774 109760 705469 678380 406355 943156 67366 175320 5218 366057
634349 742824 339310 101210 455895 334506 713997 368434 969203 813635
963773 328516 690052 937169 904740 444684 500028 201701 674759 100065
8308 671595 97519 683438 427434 158864 511077 194809 275247 875728
817185 859788 696551 705045 127796 477252 263684 900260 576922 895002
67027 818417 381706 361899 519208 489000 362238 419881 219109 561368
938931 457007 932487 952903 217034 963251 796753 138128 200967 197038
