1000
40599 649151 3
423942 688336 4
242717 529933 9
344149 387589 6
606818 702853 5
78106 504601 6
531665 965294 9
10050 743786 2
241846 653167 9
8236 962256 9
69511 291923 2
365209 520109 6
208228 438649 9
164348 277147 8
157675 818153 2
163790 821925 7
46499 915019 8
734049 955770 0
196708 860727 4
401674 928078 7
317839 522640 2
267489 616277 8
144700 634582 3
166705 984548 7
354321 996719 4
307567 790212 2
594101 831975 2
716224 975113 4
740250 770551 2
73328 517380 1
343755 975768 9
202537 712445 0
48403 830515 9
56262 513803 6
208053 809143 0
18618 707577 9
108936 781699 9
187097 472991 4
283791 422200 8
924030 993170 4
336903 396128 1
104817 775844 0
26447 984874 9
334003 945820 9
193980 296733 3
366767 471493 5
473247 623770 4
140905 422399 3
73848 601924 4
330680 880244 8
1 1000 0
1 1000 1
1 1001 0
1 1001 1
1 1002 0
1 1002 1
2 1011 1
1 1011 1
2 1010 1
2 1012 1
2 1013 1
1 1000 1
2 1013 1
1 1001 1
1 1002 0
2 1013 1
2 1011 1
1 1011 1
2 1010 1
2 1013 1
131334292 681933287 6
296171987 943224685 1
513037739 524035654 2
653061760 882968436 3
12428553 82189956 1
875690998 952652074 7
85769367 989714424 7
231768948 966463563 0
116536751 462587402 1
204131096 579719330 2
578221195 591360415 4
225472632 611712027 5
271502994 279863957 6
602091311 969932850 7
16435373 58721159 8
504395123 551730876 3
168301698 175320555 1
139999456 965040292 1
754625371 875212065 5
115086776 872024716 0
230526540 862893416 2
228344260 605354273 2
276392451 676110110 9
164271159 327997731 5
517970370 880631564 4
380608433 642074007 6
153345514 262645537 7
664372709 751378929 9
194173946 227390113 1
12277761 915545243 7
495370895631715330 910431799037477144 5
68342178316738109 719165387155084705 8
322734511271493958 897847011043029307 2
96199242494496443 882092600110654979 2
260189553725421251 891078047112688753 0
157727387521497953 705736276919634595 9
15609254799980193 265646767003288710 0
414457478715522633 550070516934618129 6
470709392188016955 483674300369536826 3
333170885869253236 616755655234901389 0
101940851731557342 255961595691020988 4
47605250090358810 773726581672335953 7
15318288781288713 225782576764769430 8
422952502393505627 918806746281891187 9
15158928412901813 583245272183522609 1
791188983572768439 923094554355771351 7
25082538794766906 797817570504155291 1
846916540449694604 986781897207784679 7
307863429061207506 458930125377818477 2
281718627210281047 413911487477417823 1
257525923779273875 482479596599053853 0
227900633220940516 270561348695676013 1
416117212660488900 769256763110118280 8
841685206496222719 843986960289033778 4
220844222163351626 664608676137826951 8
60786082643248925 632915481606488170 8
15297929057026289 240305762624371543 6
143639221812844201 689998944498206962 4
305250106018243614 505636283325363752 3
308910668379912004 792964238073004308 3
302118046856256566 979635374026350929 0
444810251821105014 603625129838916251 5
232588395607558085 371579640867466408 7
134960318685757936 741192152933049465 0
9031466366924157 918580723114986116 8
547749932103379915 899406675690680743 6
289218875869684745 472577635191458130 6
53392837644678029 120356968124600996 1
709473230529982075 709694902374348571 4
241954806663550237 945274948699002533 1
1 1000000000000000000 0
1 1000000000000000000 1
1 1000000000000000000 2
1 1000000000000000000 3
1 1000000000000000000 4
1 1000000000000000000 5
1 1000000000000000000 6
1 1000000000000000000 7
1 1000000000000000000 8
1 1000000000000000000 9
57822119500000000 59136041500000000 4
22547263200000000 61171202700000000 0
27150299466666666 27986395766666666 6
60209131177777777 96993285077777777 7
1643537388888888 5872115988888888 8
3 551730876333333333 3
16830169811111111 17532055511111111 1
13999945611111111 96504029211111111 1
75462537155555555 87521206555555555 5
11508677600000000 87202471600000000 0
60209131177777777 96993285077777778 7
60209131177777777 96993285077777777 7
60209131177777778 96993285077777778 7
60209131177777778 96993285077777777 7
130301249861215624 999711833002563963 9
780100708326172547 947017490635399224 6
187358404671826614 636250418621068239 1
9744788435352420 661042021548552582 3
109171135638001032 109234766025165799 2
355547435232830544 617566215258513846 5
78588007293224065 930818374850398860 4
312051932138978655 769457256211930463 7
19185794882648879 302261310169488895 3
129296689885057937 704303373508755764 0
15331377986911212 704989614697830212 6
75607416439085104 725396365644590763 7
62258054005061777 214381458603561056 7
222495759899848405 768734393133655280 1
358409614446355836 547398660697739359 1
147035681842270519 231810608172639259 0
15178399418954856 534389754809657210 9
203565542917860714 604278787394074092 0
614910513757064809 642691780003228693 9
443858776011668124 573130954098958355 6
687684851346025497 939690584477759897 9
147708847433015011 970782556437816672 5
339129152026833965 358799282117478618 3
33268778457734819 942870886860152157 8
46489323560394462 72452174715102127 7
116497960745251281 520918803142755851 5
12266532215064767 149870445411436834 5
168478231365948879 507210040548997382 3
931536961440085368 994154072279056811 0
78322545673281009 967829391872295421 8
180061961425747305 824242294460524693 3
462605384502557599 624724856046280090 7
106153001389881814 929144327008589516 4
69443385365274470 106687354900856674 6
117832697740225638 132607367741649507 8
180651010951113984 431536753175438524 5
254972591692854950 355467714477919760 9
107748293527453120 447619125318498680 0
215882729327941804 858727014545547653 5
142724534794081622 178850773564877333 0
55933166433957080 879393361786887350 2
359144920444267285 926049688661131638 4
100668631720529871 257456690344255189 4
792557537677373404 805822726255340026 9
55858771230896701 613213750703909786 9
21824301413737200 800791129551028128 4
116654431857560742 131413758424710763 8
709910331938505740 903345060412269821 9
279856993935747173 500910296520962140 0
50704236833451489 335341156613214131 7
854748257210427781 861626462838779231 8
892759446392488427 991085717628036007 4
371488179783201581 430839696198248141 4
135605263433314256 449208081865872022 9
8718009317538371 27345859311253449 4
150659740295006474 529797553143287670 2
243798782666461395 990935065447362779 6
333805108537545108 420682923585086655 0
285501931536136970 748837121786804717 5
861233882163063500 947005028094300308 3
618505735718952630 946808735837911510 6
68504952083192208 670619685171979674 0
34359561591670463 769919041106643412 8
12960855073264716 623945534142071797 8
335174737451602165 644405175628619468 3
6275100060356774 832213351688090258 7
264823506370486662 998992315953384649 9
734597519158902420 760150770844003100 1
113897246419414478 418271543504442160 2
362524034722921897 380593348126772131 6
815491863083908818 969290696210026821 0
783772010871225399 831725162983276165 6
65688833698137769 874617078685910982 6
407123738085807759 768543679421055525 0
60821443128841672 773644341721406099 0
139850995096861500 710626479063813046 4
637627693072724020 882046330117526156 2
404047900017163178 504574120758074771 1
587771246241726645 864204708325564754 1
423828106681695304 567942745691545114 5
39140995215153383 633450485615441979 4
413928433524978628 520642757290065778 2
363527181515386922 443453582641447009 7
105776860709727963 613592655706653372 9
221104452691390313 754645519681709530 3
16770551915401382 702789055773417157 0
202105792553493727 862246515373660917 2
407009465656764162 670851753088709279 2
292597346572749135 376533716663511552 2
922288223729734 219451528931942119 4
191380108154809893 446099942569639467 8
738811568396809474 990262169706699531 3
675593640015883545 762166527587355357 4
345570917846125240 404040671937841552 3
288691473547345161 375455120475876835 5
138146256101962038 525935735068324277 3
69696173270905452 136594013348513272 0
411579800706142723 816570661887868679 8
437104096535998768 822982844083992552 0
124408790113641124 860834674954137122 7
63240957673874154 857760810663464799 6
48978947968190815 154335594923511524 1
2815244749879913 74555180220936791 4
307109514020206765 323081094350401537 8
53731539753803054 137628345216339619 1
614003718800982434 710922460238967708 8
20699372846677699 66229351912338833 6
110260521571491897 572961514859432440 4
31330306861172804 193534926132775783 2
30626472104393919 497260470250624780 8
52051754971057203 167708858783664782 4
63410343793663328 576697844793182204 5
688871629889233386 932590317448675100 8
226293857571282971 894043683010117661 9
348171852938313816 883407250156282653 7
77907997365084294 724291807675791928 5
450104807623639584 941001448236249454 9
592155363560791438 597420277972961732 9
52835236583160174 126344551997982960 1
7252306508292935 828120508159211549 1
137603634300078884 986688189575342159 0
232001864547601411 775936636007656037 1
699741564339848037 973871530459975813 2
83615632745727939 174449634145984794 1
99229368306964853 840184792240592876 8
86707379326381022 116550564492201833 3
96225331768456454 342763080784354304 0
648331118146548313 799022208521396957 9
99201232512791507 859550710949876405 4
76623932887884485 88365347058270585 9
99777877432529344 535826398328519010 4
1870717358352726 901675082327439784 4
117150242079701337 903429450979507004 9
30013557632502567 31731226440676596 4
179761426894551522 780719154424738376 2
100167566528992911 391203559587991219 0
290723015402400454 488414011021007600 3
745654309147437646 807118727251342300 5
473657769816923847 649928424795781064 6
141518331498746924 316027693928450917 7
331012083445724203 849879368027469933 1
348246963162275445 846192732619018183 1
63391836823521328 884346000966155532 4
232747537723473888 839478991379965465 5
211884316977177458 352939971714777337 4
86307751353339357 676909201757180608 9
217886690342196113 862755704030459919 6
18347454612857790 780904398814386505 5
376481071839299071 915098710487157469 5
26458681744117452 788310454457874256 8
74662743660262261 702128863836561972 1
100025908659287940 366890117358600773 2
146142436918757831 238703339261531218 8
205682033389189406 425388809373644520 1
22151912605702062 58278165482582039 9
37357319932932826 789485072077778676 3
330085248459383781 830628672921124075 4
178716611278178950 435411769308792227 0
125568986637127446 940715854735413196 2
579985038131467701 920905596216096110 3
141716973069686920 644520566243106215 4
649579681067506952 972219236635163596 5
18662961192794193 615028657779693597 1
23053142562397488 46545028255932199 0
675468456255752636 857522420395727400 7
94508522795535458 737682793071153267 1
474335721060410855 897328463403353201 6
465699310810478159 553141554682336809 1
461226891411683602 791577250066267915 8
111205913009496293 567839398271422099 4
32364005840098358 696668652495724246 5
111366092873182010 340825918061418458 9
12030642290146991 772108072879450841 1
63792624778175451 817246483654140083 4
23120970295482267 703259311739351519 8
689801819412706462 724074755239429017 2
83698424569969791 121279494822509267 9
19545754249774777 969344002916272555 9
95012333105221567 808325107472381262 9
758981085013535492 924268215272950125 5
299678942184550263 774018386839509428 9
371034901346343914 891021012806650844 6
151066038431830262 796559202601600193 8
134113693636575740 270006050253721300 5
332421177474477159 820600789505729241 8
361765379802079855 853720980333280661 3
41526895290653411 518492410345097472 7
144199342843940510 499251517549185091 1
15305994055994567 788476952980297081 4
203376833279478630 904526405237302151 4
29157977458797403 66150259800180005 5
275420620047407435 369110616933173097 5
55087146910249282 724132485843546645 8
13943379785425584 98630307488229404 8
728749126289877858 921985885874948507 7
665551153250573364 943424200862227616 4
691318940514745773 857283481919692423 5
3285833485487529 484443791513763016 3
147563607912412260 406646233345347298 0
24128251170637012 855457764383585661 3
126735060769052551 728914777291622270 4
524371127682308280 999314750817922162 7
214958304125604332 237441433238459358 2
126827497057000887 360134639664157441 8
130626515262511370 994347613214674287 0
185855454769930619 221702232681386313 5
100864140781950670 851104291281332394 2
573791224521729675 758182921023115661 6
182821055792866829 755276713955889070 5
485893565042477229 672605569695417056 9
238953499036522007 398332270762890661 6
354380293356426169 613876538858867013 8
138418996784741512 148206698533452789 2
245215883788836598 259049284498901342 5
83157423081181168 310752310791605911 4
192365576690999404 815656022614924302 1
328927322535194161 343181684888171706 0
10056118582715482 418115122072567308 5
89844615684552027 112938453744979688 2
337184729873786049 343570326954590038 9
67563922969473169 738643648599613728 2
627335135077285554 724198379698369761 6
262633261286254004 506819504264231981 7
76774546024512281 927040184112805580 3
415959221315021702 918089856787725948 9
100177025632276592 968695090745066933 0
152024070023848862 931026047743168815 9
475895875762204689 559881343702140001 8
140260774266787260 170582901556683722 3
324229246949420582 676713368965379785 3
515702585780776861 694714382567498586 4
196401740826505865 849928478480734274 8
66366407998992971 611921105318814757 5
253468570939554131 652957937845977577 4
278351517992475584 411792317917261580 3
534093612825608414 541721915925431200 8
277344256196298109 475431347240073710 6
85685446548837903 813990318274559691 2
517272038975774574 656537787900355531 6
124209547413612213 522147017139329765 5
162378444298314528 692418792608503943 8
557028450835599802 993548097469455453 4
361670995958036585 775896559108350789 0
62406501184803175 870540152291344710 0
352657303165840178 362266860816404382 8
218152677434047914 295932681953699352 1
451703126638386614 754414616886734434 8
61649406513331504 189801378652478357 3
613326328369884451 878123291439335411 1
325460615412078156 763431822937685214 0
637430825312516799 920668452976134694 4
16526477627551582 47873650228114961 7
423253819843571013 446892654294162913 6
556417930562190483 608403421495721351 0
1058145835179221 636932636114612782 2
326500157541726496 919367880672977305 1
336466654813879227 510539700750281330 4
177616949872636567 674114877572359242 1
122940981339826054 898063058833228890 5
139158979328825212 183568431623975862 1
214140436910606977 307803246737214810 6
311112591929279117 727668703515411906 5
125579079909835936 152116900166758601 7
71242776980589391 114852068904455832 6
700187940648598764 875574223846735217 1
352642045150208183 447524722926701817 3
188252248775791669 497336497496009178 0
74978845155338169 116602539065111214 9
65061435076805130 998656632058302038 5
115803885948989486 449740758943454884 9
43969607844647980 438301966243978385 6
612281065416044198 870528651361583641 1
525570883915347208 978637055165788172 4
833393886148097060 998714305070587873 7
77523975212481092 264209981585487517 8
18932639562043248 919423746938036750 6
14071129505872245 199742522469610161 2
14214527783139024 97209652259143492 6
120528390492966942 660036547295062606 8
315812196757270903 944310621069774907 1
38303180218358405 663107731534694207 8
540648255364295162 629936447092941909 2
348194614409988764 368105238898702124 2
65737491903130739 242678080575212149 3
406978902073352418 832014916933372346 0
167019316792965279 200690305163027940 7
798731889524057384 992592684625112767 2
213847817568244064 976680666415834574 8
50904966949070804 816353303996582920 3
85382699674897602 348634506664746045 6
502450644960766415 664480739736292453 2
167199377891969077 275490929033072863 5
587755440017862608 837505989003322209 0
74942781857757332 499167259004622845 4
15075641273096881 443305837262646253 6
755258625934689752 822187925867806157 7
616459107988694768 869130651062108124 1
148814184947272610 875859428675611876 6
83717101314980909 751333038154325862 5
455104353726709067 504906051205501223 7
412569001994783920 888767420405262503 7
300207269198399239 536585957069954470 5
653151612970884896 926431105411581154 7
506109786781395664 849147759177266870 0
91588139219667665 885249577860580146 0
246145997390833715 423969434147287328 4
358436276973915567 593542557256268200 8
267709455603336110 995413600942625219 6
41345871705449809 138193589866939180 8
397277220190111865 565920229299335886 9
142265449552642483 524152672916653007 5
635391742447973167 912569901802610706 3
108823306385906307 589555614484474480 1
107469309303957936 232553807571174950 1
43742922142584396 335941286846777506 4
132938203680266753 405578702299552387 5
506852823204324012 649326126239770983 8
474723119737300740 611049988970206667 5
181608364950082331 291380678951516530 9
81094946796306906 576432890304176493 5
521431226242285765 811100671695121991 7
42456493182236233 745960215291867702 9
303770189932633549 307393877133300221 4
74177273289939515 141220406967394268 5
54077764060280273 57262167695167929 8
331377992826752319 942431494206966902 7
369894047221482370 625762472388812562 1
95751362671565825 485671596819122181 7
207776826143567047 596309140785728245 3
675582083183901668 724307832758352859 9
2221794074259105 532727440194310329 8
23607364494391881 871419171205431893 0
85595663871976303 776209935668520674 2
419392908551433714 960909229897129079 1
48169438548373394 202238653877930359 6
402344293700289164 834149773367094627 4
96128461657186566 725830470318502255 4
438693815239464588 904295185457021816 8
247931361359029881 810773114769953941 1
602427363812897863 971699932519720511 7
808066283174698769 894472782736436423 5
486147350894292902 556051824290324406 6
237606101734781584 563727900780074697 3
16579270790030694 918260501863465996 9
275146636915246321 450636354587604404 8
340307632931101121 382685929478683134 5
43571863644541749 595047588227599649 7
14170607220900921 407484527970678280 9
390162139899291320 627785028898841814 6
92406910454171073 740739950756604731 2
104276329557744367 280725803319720455 5
270483779398715532 349211516435051124 8
125157658489253679 819652333201015951 5
60501425741627635 674336600695943278 3
247769085788535231 655205359341517540 8
30522489441104273 277418780459735213 7
235503008777055803 893737438986298026 0
541951673438223865 568616420228334019 0
20682170515340268 112444198986934625 3
556927898432137205 613995735384059666 7
512310372842994743 568247957510311160 2
104911824738577306 640705992990530495 5
33723429145748863 994816029373849572 7
456144576744049683 513279215824352473 6
138614449745028869 697089359437890631 8
1686457714191010 861300742957050214 5
57305036087218746 292487658452777368 1
25317179156161435 73960927252173919 2
94602318875241602 341284930542428646 7
52709869694735594 312294819680853293 7
274937468913565437 783324266824362251 5
113003758543647193 578308223203715812 1
492242807320841685 533999003086365790 6
474579841535271677 693686844806212438 8
293327505560741644 594143749375294183 0
117660848830996690 275925549253443443 0
98402140096095368 387309292895320658 5
7271353576422693 132062011477203174 6
46505699020071594 690099597096490839 1
78732378712276616 851856705558275480 3
247741939463033820 972907386554331438 9
91747954974184152 643728072104625204 6
285404934198826988 485353066847564084 6
124362103738049399 925462767122314980 4
83268217114848448 558481044330197299 5
83079763575363321 857152401338714284 4
550586042079788601 735241008744555140 6
27969115614090463 512048546598162598 6
194190413666124629 528307460836722668 7
399641188237906976 504793101526829700 0
419010794035985288 847884798962052928 1
93324288768171277 225277564567542687 3
94623878421148066 310750072074356098 2
918788149262309922 962871307046742323 5
776025798808828029 783259543200944433 0
127191268724974727 875918591886004950 9
165770667891617080 759419060447053585 7
527082699285878628 883446049930479141 5
143158629741456091 977936874874424706 0
703173520333553092 754500825949657058 2
9628789143181878 52317672562099111 5
73768027086330392 634907007262598004 4
565199075078984970 781767206849336634 5
445684700677143987 988688998469909092 1
99535398382956820 753306159134705276 5
207005069999157325 954302600181408736 3
248242435208583351 919840871300354712 2
16960510271137666 879999836576590905 1
165338321775228488 750341895313266503 7
134491347556404818 968545492955382886 2
50126510020290363 325497987926923442 6
90353891250691232 641845496832061825 5
9331598826007662 998383171986270233 8
374017413600116406 932772692788677704 1
335798003137370690 537993547023854281 6
629930592954289342 679129147994607772 4
621756765618996473 656637938828887215 7
356702969702726915 867663106080477768 2
113267436855724348 889743060588824285 7
169853657044870601 867523899802173991 0
699123462323293961 741225924202660759 9
743102508384027222 884958841206083608 0
143875133656676108 649615828323588089 5
858480973412418545 985919516229591298 8
126722941852027190 354109305372152932 3
220010236733220211 255025966229463616 9
101911967728306100 421555399362617479 3
148693218697075275 820150352803668388 3
410360171653340225 963191795428861190 1
66249621819550977 623698530323830250 9
6816724332946229 648042822427965302 3
85094158306155875 352233778146248594 3
190818113646762079 599791119144469622 6
471449411762236235 569747916995505431 3
210435787712951953 957776486956836655 3
51530001286167722 571866060621351912 7
290610777981342908 829243499939963700 9
33793693759543106 960181711499109797 1
191568790080616301 695206636576393727 6
18122864472844728 93824946747962906 4
14368811712101168 703584756840933271 1
776111412945283911 810786584368036480 9
201324489853941973 292114826646099269 0
133293476033285364 666056951089448786 5
101936350804926832 673452450357523608 1
138673283292707009 534096147832958993 3
227812373508141216 862465337023099929 8
93061218392379904 429983835320028665 4
65261699326399964 879992461107182853 3
91779255878699890 468360070180344032 0
142843386277755081 308102612110681583 9
34272209612125717 432734932175370087 2
10052734384370603 363179721512636245 6
211913136097856101 583565638195719349 8
97938725161750865 705305673456557234 2
539912013778043325 875288165970540061 2
464019176732227488 780324454927360243 1
215537841011059598 588847240864236774 9
116698535016868837 506616047722975525 2
520853457079175482 859730598417752426 8
43770624006836068 227633297479065316 4
52264978569511674 315825881376890166 5
761278344786310665 891859602231318704 4
53566771002585629 651693475046608841 9
109486857988807265 367574432978603245 6
622961302593941460 865114677985062600 1
145207546629960414 926029340810488738 4
26255167267423690 204741992651170917 8
22842058687690389 353639897741613244 6
482410554895638791 698029568877036413 3
124251529928182977 468286965104341899 0
32572051486963184 978630007536085659 0
215156476505484865 614890986926967871 5
139056118156849670 424654732272744755 3
12796849551914360 932227532872518418 7
48240059390398175 903604283620443052 1
136951650715903915 783105802893884895 0
685820549256204373 814509270197713970 0
850025153505011568 966542182968695994 8
98222371430868140 719203586406619535 2
891413292281462120 994273318086891571 8
92095224288751809 981066653619827195 4
485448222012521914 693281773001992926 6
218871507850818208 276950729494798217 8
105079772580692539 812347795608303144 5
807573242060455515 877715155185363533 3
358231184534076431 640118579761506229 7
235696117781043442 768169185295103091 1
406384317084216629 838866516533057241 8
577177515490529061 959338841530714737 7
26502078305981134 616884186981683533 5
487703783300275618 876378227880886745 8
137679295277515936 336076108072473260 6
19741795735026834 703852098928006340 7
228479977195195381 825142619656316054 5
79112515261084777 307968725200770064 8
72634402863930940 986149022897928973 2
3064617836479117 560416612763068841 7
460174974410871356 533416300880459333 9
411974050969363 229629401771213275 0
303241187140841390 868826135716522503 5
133467307686428785 865730805806687890 7
651182507614151922 724873769911574268 7
112668130406026977 996154834038432517 6
136142984284491388 817977590158647873 3
124407022391263374 728905699166977662 0
79852505697368868 282200148266874904 1
280555789848965039 728997849820378435 7
183267296639706022 501777224887384935 9
222489333020664690 386924814240362157 0
441136665089674553 702066785932030499 1
736109131893911902 817271682423513792 2
730657767871715741 765314768732214331 3
484556414824197789 487098991743225835 3
611241357348555838 665769707197414781 9
568070308958630355 834319185708761127 9
778662881157032206 843614565618148793 2
200499817544540174 458133580744631050 3
114108428932756806 508127976568395520 4
20777207817959954 562271928216045439 3
99890120181347107 779944210972788968 0
138772554753195773 199714028226371613 5
129072111264165566 156804169148467888 4
238529746849076610 347758698535985392 7
151971882099718645 766150502327197276 9
580202415445369011 843241027756544428 5
29026743200497947 376453553501133571 5
37655938059878715 112085988462056306 2
304824336684786160 780188468599139543 6
147842550129563799 245110118891390108 5
19832439152494687 617601673933614950 8
145717315575885445 988770521080406601 2
155642454588737032 288413520256314642 2
149810159979626111 661652758732022245 2
794258482490894754 992166727635615407 5
776810460975545688 906566714434384523 4
78678827647690651 254923422574016991 5
336381872811395171 786202373827720415 0
915329405735774169 990188287107127895 6
211966073355910688 580349569734764892 9
176741565802502153 289994476727436939 0
170063361307477377 955569017554210839 3
123077394092233301 496275465890881531 3
33576881512081982 822977890326729575 7
60625397994113147 111872578761813787 0
13252627789106270 673855438925627224 3
27653884621049723 114345438116892324 0
31015978947393005 669757618180928254 1
38669797259376593 386522711958760029 2
251944392427088296 742136038290045122 3
363372114203838613 401969683316931318 0
44406695585611718 775366353243631769 8
4492654623328105 81082260248466720 9
296544659564595858 886474745339286127 1
86878236335961803 860222055281615415 7
57169367485668529 115679133940838108 9
5474518936251747 995416382322335733 7
499826927900545516 634728396900666718 5
20945594356042137 236932260167214041 5
228208977879386852 279062816763492256 3
380174182136889417 419004599254655869 9
304030066931759775 492438293466223347 0
587154767320751167 811926304522955787 0
398530794261318176 518564579832726449 4
353351852450495926 541325106771212748 0
273891476446208866 621839345383835974 4
115556686856202716 951623503436586907 8
297815892668341998 951148668072449941 7
9837085007370830 49022511228423788 9
165803830257603808 178585972687744248 1
92591173278642126 114501281878235543 4
127659205122117297 145265158829188982 1
87684966409285209 726684221539815875 5
82680674970173101 633254842895987782 1
204762285474454966 436533760235215696 8
71811550540912932 169236148682161576 6
646859501459367637 664754280460920833 0
161946851173163564 418751373539214362 8
245933530953088084 924112089733350769 0
344601009142243037 866210857283761187 5
266479065590994965 914914610107070082 1
560802910311472515 797812768979453210 3
259889239773190770 869935376518695712 4
662418029331707402 871421152676724677 6
344825876493346825 525789127695341954 5
150877108225976273 739145407157372793 9
159001698413155616 558494077922249146 2
176467868304855835 461323813225244591 0
463951094933429482 501504016733549943 8
237393169430945937 592260013036082053 4
16875847831897209 684517630963498001 7
210884398027028671 680344976663409982 7
180939081867436259 416622754569114468 7
794813419986308543 798981835550034836 3
584722176084384576 784282631916223186 7
83490807579420644 314280869924054034 1
829369837073357299 937849048988461304 3
24256893380174567 894766306117567717 3
24323948500526301 284364378212933250 6
934430541897601546 996799726152257466 4
149027211123665441 836051136096270426 5
135997709189603831 508447201939424987 1
37214207145422430 931721413993264767 1
412443198557876037 705922792749579695 1
764553132976449174 900906796560677136 4
462612113874365950 584662451862722611 8
61866417883694186 543587812305382164 8
269977276995546658 868300107556998515 5
288960935946811751 867612441852728881 4
20402366628566297 63476484238955807 9
114572236032484494 642787838113983520 5
346750755832984384 558547560625182965 1
49048532037963830 932234700795600843 3
121023581924421454 451017703706538086 8
251682414935976601 554475105462559682 2
159527323607017572 385592718034273662 8
438668030708446220 733732174625903362 3
462442874090118172 969741495740667352 3
430918296421319493 715416792774108077 1
464925251756604922 641943432521065006 2
67745954551905506 446157376883689098 2
595121302523836493 886444909797921911 7
464514740906449634 514941778321954433 1
277901643792414741 537672154205240067 5
367129271273129001 509348363722151970 6
65998228351011965 233034998127808504 0
398376364956289309 545179807696499710 0
718161624453251436 984000268970436049 9
329485783746002889 822879734288363917 0
119638393575784054 734390113551773534 2
146675046165944992 372311441672230760 4
391217984177800136 852950627790784991 1
17347416110792639 32427055594564352 4
676902805155078279 706849205167926695 2
737541615162295343 849891612167810153 9
639778729015596119 661550251556148110 3
56077004886594691 360246928057435311 3
497608708850654015 747756331054845970 6
104022273523470871 498277796334313378 1
314592374650757846 594794629797831980 4
146900526031794442 956932643647775955 4
695623198853700973 709213236116149790 0
468491975618930000 526099286869836168 4
150415535475278391 606611423499775574 0
9421019415622062 58834325473505472 7
130314961253165451 171028474318900257 3
392895443135043336 950752608928039645 1
50132332808152486 82190684627783407 0
450235557124522687 937010621465658963 1
501333061074039464 975193282747780696 2
531497777807060186 945514617728721011 1
468655317110828991 778269644126021610 3
18921327516619830 717892438305433666 3
148145510553604803 609099908495667859 2
854389901859935979 939730195709887764 7
566966928895426085 686167329643917232 3
17180384621987642 862175143229911190 2
653263170776904624 690372068460412747 6
747267078794187845 924634892813845794 9
271846438970073575 919562763800779199 5
826863389279613324 925236223158103353 3
59466533405050543 155380077988189198 3
586036784106544184 896667542151861564 4
395548013628933229 917982278523474367 4
319454631972679294 329773821144919816 9
738026215959500796 950035586370663919 9
36352129697730444 116635430652000520 4
81977418281652815 559743610346811559 7
96151583213416248 673003476339939720 4
184839883605550154 792282876003916297 1
354571593904412408 673472089787647165 7
34768398373961293 645394046712027586 9
110765875386640151 285951076620441228 9
147170409726599997 522151269095652100 6
667609190403562651 916183120278602665 1
444808147866269857 835113590923731814 2
912272640559344169 926353041250523058 3
70698845961474557 754389937520078473 4
95237482765805169 737461016211996097 4
505949950874127314 997579095191656986 1
38086797689660315 720565847942348798 8
105462692874771521 890239017669827629 9
38651088288713075 914305950335624312 1
63041590644556366 814861798724434685 3
44955354864549908 985441178938169716 7
143196072119946343 333332050079772001 1
190682265761849614 892288287480789837 4
134035384907035845 736861559390815597 0
226469136655693484 776042046148373547 1
309042273758551851 779737388562864566 0
92206283918481940 399457441521642719 7
107805014311299851 883388922145028646 5
76612406134038593 427359916041242355 1
482837953438157018 644284710764609966 5
97613328666829128 498508991364185177 7
57527181048627124 901625453545166751 9
518662597447013432 814050051859956373 4
478434423856822481 745785311640226617 4
75506846217972458 139293767380688360 6
96334026727485600 863045428300212617 5
75218243970790311 739137356307781290 1
247786541131008092 967520010022458074 3
112493283073563228 166577819791503127 4
451703023819051239 512789442013492952 5
762429547740226743 975024222797282869 0
252924095767313013 597134127515995108 1
2500805394460803 613005439586543728 3
221613174190280814 225233863280925237 8
129199763672687374 406623825338550078 8
874108128329588450 936155385790954848 8
186566247557070018 635979787063905406 1
310383091245250791 474035370418169085 1
3012880138763778 985624664770294944 2
126406213319099291 530431182150758564 0
480459559726811166 642876267763424427 5
279626998997372764 692865426163211699 4
40258883066039295 444935776418474650 0
637395673384124260 974777480062092985 8
577287393900924114 970879170430927272 1
129827772672543727 664573678171056196 8
243343794099090539 245959782423872757 2
240295290081930480 266894847581478202 2
318078119677115990 939808310644319085 3
143266114893679758 931079176782345040 4
8213106532259554 254885907778703300 3
76252009499587549 334512343277102424 6
23717285984839634 384830728614718143 1
875181800818899380 972734470118765417 9
76653285506168978 114046432277494277 7
210801483345032267 754323892418877504 2
42194242347586940 127099359200753621 3
347066886676092732 574153191257616963 9
334433762476646622 613877829184805124 2
71079460239098936 555787960056109508 6
141256226781496831 916249597529542899 2
75796726664037957 812331045048167627 1
9628564738680875 53860661393029514 3
792343741869611462 974574837921836557 9
127224208719644182 358718971346970317 8
122174089478866162 261309096451126128 2
411124782060603116 450882959296409811 8
329381190570725584 441480752623375376 0
100057211264643597 609449115525526276 1
6758433458957722 93983528277707493 8
397370024454782559 464601235603887054 9
136049417550581199 296466885490983586 5
436953542064911822 794694932080613404 3
444908435747411427 905691325453413651 4
27851346566358441 928401795694709251 0
281631436334324889 549464893545130426 5
627137179854431 279588833392568317 2
602526158950688812 935256670271868842 9
390464572902819796 498540493956042648 5
70635395606906840 501025280332790525 3
22774347972605829 38268400084553295 7
272757418449875086 529037921442543391 8
27143256016162588 939993138848344573 7
299629583669347770 433057913757441290 4
609670998861397614 706590891307052501 6
190930028972863597 608798863726543643 3
787148799836338708 985278033263334094 2
65892529480148575 817680207548292368 1
87295795213579338 866651520660553161 1
29240718708545896 776674388269175694 3
63527600769195822 350889592902423624 1
21356187330328327 316199878286093213 9
26837237138241969 121245810157020804 7
12838894026635229 258066789322391080 7
133369853449036539 637804317510431495 1
378271732573028144 555660511555731327 6
111744720695391668 479744431785476706 4
143557274865371754 307345721472915159 3
215900290253037313 691680142728980274 4
188981064100098201 796469658821854663 2
73278007216290720 357958075362482180 3
28432973686071243 632182697940087279 4
258454608002735909 975138632576728852 9
472168674328745794 670583006783918531 2
836349319707916742 837720592412789639 1
265872970706188659 413373801285575052 7
16383470223849504 364774849183901857 8
613810361735089410 645202807195208041 0
313510649622244426 361888606841260981 7
495425669659840158 578339052780917373 5
145356192921341669 146661750730279444 9
109644426392475534 145305680283510612 2
441730351387064506 549874985844069998 8
781100907781923013 824177622902298585 0
357860888808490735 807320009943511968 8
224577578602544239 993994854756812486 3
74111363451802982 182703740484137296 4
440440778542834870 499830056542511584 5
193543928335977201 974893089952233152 4
503663626566946060 989822136463423401 9
501052712491653830 922824403632191569 2
28536013086831234 945966151504031245 1
181255525640711320 580618872995686005 8
37150859078999178 977031893086267554 0
30210234903439403 69688972904126734 6
146377617150567341 633399586128759021 4
112047161373011107 144847479115738925 3
82420521501386931 547280532459544122 7
555330766487774056 620242744372605731 0
210635127977841501 717108359534734822 1
14053797563704850 54873900716805016 2
23568772048444359 97517637982343419 3
223678532003395964 618961029741213565 7
50161397559793051 845507083791970302 5
196415504150150691 997666187578881189 6
266318781073637243 340956516117076608 1
110081663744294826 583983004237670216 5
143539660602462844 940398202760363693 7
528802680512009302 933195817605927298 8
690478858744487026 872430997689153013 4
20917879127104211 262035718503730321 0
69642632632468791 152612192602408650 0
109114502837269097 138570428510939039 0
74218043765673971 843913193983658589 1
357048365295304878 394719691784116495 6
353253248000887996 492508868663788021 2
487347927750085291 613349129084550235 0
616930251115959806 918404723327959179 4
100141075828748357 138103446375452071 7
98071254656759354 991343350582086667 6
117375691336125588 810451019076657260 6
171936788259407370 595686490740893265 8
84411552691104972 432187423506374545 6
113211348968680735 439520602533499691 1
453381425163896602 780731123586084234 7
135119513860502785 188684522807766167 2
52562332393516910 103891689761515153 5
124533325941802934 263003019459095324 3
205401185224428540 711494748548678436 5
3508331036977214 364746175106880590 2
91207976315485467 543233574721890086 6
676170770954364957 804784892108721226 1
