100
1 413547513 469398137 1
2 768951106 855089934 1
3 261553289 668833036 3
4 764662872 767218532 4
5 878510799 930021376 1
6 808323570 970176164 2
7 731378213 796066283 2
8 68878294 629574638 8
9 681533760 844666242 6
10 131674928 654590127 2
11 93672969 537417224 1
12 636341707 780990635 7
13 862462596 865992735 4
14 448832716 875243358 6
15 649752098 938490508 5
16 634385632 960144019 9
17 885613258 932758344 5
18 207523085 732265123 3
19 48848094 313991740 18
20 73353773 455042141 7
21 647604620 761699145 9
22 34015917 193547692 5
23 584701337 633935387 6
24 2613708 266725688 5
25 319777660 321537347 7
26 464473416 991091117 23
27 882598455 996929227 2
28 528287469 916092455 9
29 195448711 257160959 16
30 307179148 428019973 23
31 128478633 231806539 9
32 686280209 961271049 26
33 631194359 709608272 14
34 475959450 794621572 18
35 982800723 994028751 16
36 448558072 593517680 18
37 423163952 756890475 5
38 217868764 727488437 27
39 507367741 602810504 11
40 25225343 430611308 40
41 701811393 943175974 7
42 211989405 289665843 37
43 29909041 382372326 4
44 919211167 964555951 31
45 645757579 652212663 27
46 317660371 992233167 17
47 323905160 528235484 34
48 404014458 560730932 2
49 470594350 820303284 26
50 766389258 831414398 6
51 631932709 795722726 15
52 128009171 584340208 23
53 211742500 259287080 37
54 805369492 934605090 15
55 836233789 921446465 3
56 622817865 877604568 11
57 462372570 992004093 23
58 493805174 874729755 11
59 138220132 403572247 19
60 766721587 811419497 58
61 308344947 525752205 9
62 346196287 902533775 25
63 980930873 991455902 6
64 515898793 540274909 60
65 71790818 981366789 37
66 20283386 548710182 15
67 715626630 717016253 52
68 199799372 820777645 30
69 379915033 827837495 35
70 67686105 691560985 35
71 549186435 705322534 58
72 152815683 916964194 26
73 919468887 964140843 6
74 147825539 183286986 20
75 164377333 515956330 34
76 19436629 301131293 54
77 714422116 769646983 31
78 659145847 806663355 78
79 601930002 720445444 58
80 278942352 832665412 24
81 64120444 697691961 5
82 318693555 909847744 31
83 896449001 994476316 73
84 397305171 624997112 54
85 821696934 951315558 32
86 870253551 889858507 11
87 248161162 580683994 6
88 166040469 441209005 65
89 61281618 533217187 41
90 290222284 970986861 26
91 206556845 462835102 2
92 836228567 863787481 25
93 101649553 679360427 22
94 934706741 956955848 16
95 96304738 168347333 58
96 205732435 767335588 17
97 511982702 604036760 59
98 154890655 860133879 21
99 298333548 954113209 49
995050 430850021 804521816 757647
