0.93700000000000005507
0.84999999999999997780
0.69999999999999995559
0.84999999999999997780
0.80000000000000004441
0.90000000000000002220
0.94999999999999995559
0.50000000000000000000
0.65000000000000002220
0.84999999999999997780
0.50000000000000000000
0.84999999999999997780
0.84999999999999997780
0.80000000000000004441
0.80000000000000004441
0.84999999999999997780
0.94999999999999995559
0.80000000000000004441
0.84999999999999997780
0.80000000000000004441
0.50000000000000000000
0.84999999999999997780
0.84999999999999997780
0.69999999999999995559
0.84999999999999997780
0.50000000000000000000
0.50000000000000000000
0.80000000000000004441
0.90000000000000002220
0.80000000000000004441
0.50000000000000000000
0.84999999999999997780
0.90000000000000002220
0.84999999999999997780
0.94999999999999995559
0.84999999999999997780
0.75000000000000000000
0.80000000000000004441
0.69999999999999995559
0.84999999999999997780
0.80000000000000004441
0.75000000000000000000
0.90000000000000002220
0.90000000000000002220
0.50000000000000000000
0.90000000000000002220
0.75000000000000000000
0.75000000000000000000
0.69999999999999995559
0.50000000000000000000
0.90000000000000002220
0.50000000000000000000
0.50000000000000000000
0.84999999999999997780
0.84999999999999997780
0.90000000000000002220
0.90000000000000002220
0.80000000000000004441
0.69999999999999995559
0.50000000000000000000
0.50000000000000000000
0.80000000000000004441
0.84999999999999997780
0.84999999999999997780
0.84999999999999997780
0.84999999999999997780
0.90000000000000002220
0.50000000000000000000
0.84999999999999997780
0.90000000000000002220
0.80000000000000004441
0.94999999999999995559
0.65000000000000002220
0.75000000000000000000
0.50000000000000000000
0.59999999999999997780
0.80000000000000004441
0.50000000000000000000
0.90000000000000002220
0.75000000000000000000
0.94999999999999995559
0.50000000000000000000
0.69999999999999995559
0.84999999999999997780
0.50000000000000000000
0.84999999999999997780
0.94999999999999995559
0.90000000000000002220
0.69999999999999995559
0.75000000000000000000
0.75000000000000000000
0.90000000000000002220
0.90000000000000002220
0.69999999999999995559
0.90000000000000002220
0.80000000000000004441
0.84999999999999997780
0.94999999999999995559
0.50000000000000000000
0.69999999999999995559
