100
1000
7 8764
8 8212
93 2077
5 2511
8 8212
93 2077
11 5301
20 6756
44 2588
22 6756
61 5176
7 8764
74 2077
19 6958
2 710
10 5301
2 2504
3 2656
11 5301
23 6756
8 2252
89 5176
5 2511
98 2077
11 5301
99 2077
7 2485
23 1294
4 3652
16 4504
6 6159
32 9008
4 4106
80 5176
8 2252
8 8212
70 5176
15 4504
2 2504
12 647
52 2077
5 2511
8 7304
14 4970
5 2511
27 9008
3 2656
10 5301
7 8764
59 2077
7 8764
90 2077
17 6958
15 4504
90 2077
76 2077
4 3652
5 2511
79 2077
21 6756
98 2077
59 2077
8 8212
8 2252
5 2511
7 8764
71 2077
19 6958
18 6958
47 2588
11 5301
11 5301
77 2077
9 7968
4 1126
50 5176
2 2504
4 4106
92 2077
72 2077
16 4504
8 8212
10 5301
32 9008
8 8212
9 7968
9 7968
7 8764
40 2588
11 5301
79 2077
4 4106
70 5176
13 4970
9 7968
93 2077
7 8764
19 6958
7 8764
20 6756
10 5301
8 2252
15 4504
2 2504
78 2077
2 2504
58 2077
30 9008
20 1294
43 2588
7 8764
94 5176
21 6756
22 6756
8 8212
8 7304
7 8764
8 7304
4 4106
8 8212
86 2077
2 2504
75 2077
57 2077
6 6159
64 2077
4 4106
72 5176
11 5301
56 2077
9 7968
6 6159
11 5301
22 6756
11 5301
8 8212
33 9008
13 4970
9 7968
65 2077
7 2485
7 8764
85 2077
7 8764
18 6958
88 2077
11 5301
8 8212
92 2077
11 5301
97 5176
6 5478
91 2077
8 8212
81 5176
4 1126
7 8764
4 4106
2 2504
8 8212
13 4970
24 6756
15 4504
8 8212
73 5176
6 5478
4 1126
20 6756
30 9008
46 2588
4 4106
21 6756
25 9008
75 5176
6 6159
11 5301
9 7968
11 5301
26 9008
18 6958
4 4106
29 9008
8 8212
4 4106
62 5176
3 2656
56 2077
4 4106
99 2077
7 8764
11 5301
3 2656
18 6958
27 9008
7 8764
10 5301
6 5478
25 9008
4 4106
11 5301
3 2656
74 2077
6 6159
4 4106
3 2656
10 5301
2 710
10 5301
27 9008
7 2485
6 5478
6 5478
14 4970
11 5301
2 2504
10 5301
17 6958
7 8764
54 2077
8 7304
7 8764
66 2077
25 9008
11 5301
88 2077
68 2077
2 2504
6 5478
5 2511
2 2504
12 647
11 5301
2 710
79 5176
7 2485
4 3652
46 2588
4 4106
8 8212
17 6958
4 3652
17 6958
9 7968
85 5176
3 2656
8 2252
6 5478
8 7304
4 3652
4 4106
7 8764
28 9008
8 8212
4 4106
2 710
17 6958
94 2077
8 8212
10 5301
10 5301
7 2485
49 2588
11 5301
31 9008
63 2077
19 6958
24 6756
87 5176
7 8764
7 8764
4 4106
11 5301
22 6756
18 6958
3 2656
18 6958
83 5176
12 3378
2 2504
7 8764
48 2588
5 2511
4 3652
6 5478
79 2077
8 8212
23 1294
5 2511
22 1294
98 5176
8 7304
5 2511
8 7304
33 9008
21 6756
82 2077
5 2511
54 2077
11 5301
3 2656
9 7968
6 5478
11 5301
95 5176
72 2077
28 9008
18 6958
4 4106
10 5301
73 5176
6 1689
17 6958
7 8764
7 2485
6 5478
40 2588
84 2077
25 9008
70 5176
5 2511
5 2511
17 6958
30 9008
41 2588
5 2511
23 6756
7 8764
32 9008
2 2504
11 5301
17 6958
18 6958
6 1689
5 2511
11 5301
3 2656
5 2511
8 8212
7 8764
11 5301
8 8212
7 8764
19 6958
6 6159
26 9008
18 6958
58 5176
2 2504
17 6958
95 2077
14 4970
4 4106
86 5176
6 6159
5 2511
4 3652
12 3378
82 2077
10 5301
3 2656
24 6756
13 4970
66 2077
92 2077
2 2504
7 2485
30 9008
21 1294
11 5301
34 2588
2 2504
10 5301
8 8212
31 9008
2 2504
12 3378
6 5478
4 4106
9 7968
7 2485
2 2504
91 5176
8 7304
27 9008
4 4106
35 2588
95 5176
17 6958
5 2511
6 5478
8 8212
14 4970
15 4504
5 2511
2 2504
54 2077
96 5176
6 6159
7 8764
34 2588
2 2504
7 8764
10 5301
17 6958
7 8764
9 7968
4 3652
2 710
2 2504
8 8212
91 2077
52 2077
8 2252
33 9008
4 4106
7 8764
25 9008
90 2077
2 710
87 2077
8 8212
71 2077
79 5176
98 5176
2 2504
53 5176
18 6958
7 8764
10 5301
96 5176
32 9008
5 2511
6 6159
15 4504
5 2511
2 2504
23 6756
70 2077
94 2077
69 5176
3 2656
20 6756
8 7304
7 2485
19 6958
7 8764
9 7968
7 8764
8 8212
13 4970
13 4970
8 8212
9 7968
11 5301
6 6159
60 2077
7 8764
4 3652
6 5478
95 2077
7 8764
8 7304
4 1126
29 9008
92 2077
47 2588
18 6958
69 2077
4 3652
59 5176
5 2511
17 6958
81 2077
5 2511
11 5301
84 5176
4 4106
81 2077
28 9008
13 4970
51 5176
6 6159
41 2588
2 2504
7 8764
2 2504
6 1689
8 8212
4 1126
6 6159
55 2077
9 7968
14 4970
54 5176
35 2588
45 2588
3 2656
66 5176
13 4970
58 2077
11 5301
7 8764
19 6958
55 2077
27 9008
17 6958
4 3652
5 2511
7 2485
2 710
10 5301
70 5176
23 6756
45 2588
8 7304
8 7304
7 2485
7 2485
8 8212
18 6958
58 5176
20 6756
11 5301
5 2511
4 4106
27 9008
11 5301
7 2485
5 2511
9 7968
74 2077
5 2511
17 6958
4 4106
7 8764
83 2077
7 2485
11 5301
10 5301
7 8764
21 6756
31 9008
23 6756
16 4504
36 2588
14 4970
7 8764
64 5176
2 2504
7 8764
5 2511
54 5176
19 6958
2 2504
5 2511
19 6958
27 9008
22 6756
30 9008
21 6756
67 2077
77 5176
80 2077
9 7968
12 3378
7 8764
67 2077
87 5176
8 8212
2 2504
65 5176
8 8212
4 3652
7 2485
7 2485
52 2077
10 5301
7 8764
91 2077
4 4106
8 7304
50 2077
74 2077
7 8764
33 9008
28 9008
71 5176
2 2504
17 6958
7 2485
9 7968
27 9008
13 4970
6 6159
11 5301
10 5301
8 8212
71 2077
76 2077
32 9008
2 2504
97 5176
82 5176
11 5301
5 2511
7 8764
4 3652
10 5301
56 5176
21 6756
8 7304
7 8764
50 2077
82 2077
79 2077
8 7304
5 2511
6 5478
7 8764
30 9008
84 2077
4 4106
72 5176
8 8212
63 5176
5 2511
45 2588
9 7968
10 5301
7 8764
33 9008
41 2588
8 2252
4 4106
7 2485
7 2485
11 5301
13 4970
2 2504
5 2511
11 5301
7 8764
55 5176
17 6958
8 7304
4 1126
38 2588
8 7304
43 2588
29 9008
16 4504
10 5301
32 9008
4 4106
27 9008
6 5478
97 2077
64 5176
6 5478
19 6958
53 2077
2 2504
10 5301
7 2485
23 6756
6 1689
28 9008
5 2511
64 5176
7 8764
6 6159
73 5176
3 2656
8 8212
6 6159
8 8212
6 6159
30 9008
16 4504
19 6958
24 6756
26 9008
65 5176
4 4106
6 6159
5 2511
6 6159
67 5176
2 2504
62 2077
23 6756
10 5301
97 2077
51 5176
9 7968
70 2077
32 9008
2 2504
11 5301
22 6756
2 2504
19 6958
26 9008
6 5478
28 9008
2 2504
14 4970
56 5176
3 2656
5 2511
4 4106
7 8764
2 2504
2 2504
75 5176
91 2077
2 2504
85 2077
62 2077
3 2656
63 2077
25 9008
65 2077
18 6958
90 2077
8 7304
6 6159
50 5176
7 8764
6 5478
75 2077
5 2511
7 2485
8 8212
8 8212
8 8212
11 5301
6 6159
9 7968
8 8212
5 2511
17 6958
5 2511
5 2511
93 2077
18 6958
64 2077
11 5301
30 9008
8 7304
67 2077
8 8212
10 5301
2 710
31 9008
99 2077
6 6159
26 9008
10 5301
7 8764
3 2656
22 1294
17 6958
3 2656
65 5176
52 2077
57 2077
87 2077
7 2485
6 6159
7 8764
2 710
93 5176
21 6756
3 2656
10 5301
83 2077
95 5176
13 4970
61 2077
5 2511
10 5301
8 7304
7 2485
68 2077
20 1294
7 8764
7 2485
4 4106
4 4106
8 8212
92 2077
56 5176
6 6159
10 5301
9 7968
13 4970
8 7304
4 4106
5 2511
9 7968
9 7968
5 2511
4 1126
13 4970
11 5301
84 5176
6 5478
54 2077
19 6958
3 2656
6 5478
4 3652
4 1126
28 9008
7 8764
6 6159
2 2504
8 8212
68 5176
15 4504
6 6159
77 2077
22 6756
7 2485
41 2588
9 7968
16 4504
6 1689
7 8764
11 5301
6 5478
9 7968
4 4106
31 9008
96 5176
7 8764
13 4970
6 6159
22 6756
10 5301
3 2656
12 647
9 7968
7 8764
14 4970
4 3652
2 2504
50 5176
84 2077
19 6958
19 6958
6 5478
4 3652
17 6958
54 5176
8 2252
80 2077
9 7968
2 2504
3 2656
94 2077
16 4504
62 5176
19 6958
7 8764
26 9008
96 2077
24 6756
37 2588
10 5301
89 2077
8 7304
80 5176
31 9008
52 5176
6 6159
89 2077
3 2656
6 5478
12 3378
2 2504
18 6958
53 2077
10 5301
24 6756
60 2077
92 2077
9 7968
19 6958
8 8212
6 6159
90 2077
3 2656
5 2511
6 6159
17 6958
4 4106
17 6958
17 6958
16 4504
6 6159
65 5176
6 6159
8 8212
2 710
7 2485
60 2077
2 710
17 6958
8 7304
13 4970
4 3652
11 5301
2 2504
19 6958
96 2077
3 2656
7 8764
24 6756
14 4970
66 5176
11 5301
24 6756
19 6958
84 2077
6 6159
5 2511
11 5301
70 2077
8 8212
81 5176
74 2077
4 4106
2 2504
64 5176
3 2656
27 9008
6 5478
10 5301
4 3652
10 5301
33 9008
7 2485
8 7304
7 8764
89 5176
2 2504
11 5301
9 7968
33 9008
76 2077
67 5176
6 6159
84 2077
10 5301
10 5301
6 1689
3 2656
22 6756
9 7968
5 2511
2 2504
23 6756
18 6958
4 4106
50 5176
26 9008
7 8764
3 2656
61 5176
10 5301
50 5176
6 6159
39 2588
32 9008
11 5301
83 2077
3 2656
23 6756
14 4970
14 4970
8 8212
2 710
79 2077
2 710
17 6958
51 5176
4 4106
8 7304
96 2077
19 6958
9 7968
4 4106
8 8212
23 6756
9 7968
36 2588
15 4504
3 2656
10
28 8639
30 8639
12 9687
12 9687
8 6458
8 6458
8 6458
26 8639
8 6458
4 3229
10
17 5676
15 4730
8 4783
15 9566
26 9460
15 9566
8 4783
31 9460
27 9460
20 7095
10
23 8475
23 8887
20 8887
20 8475
32 5647
25 5647
18 6780
31 5647
22 8887
21 8887
10
35 7795
85 2029
89 2029
39 7795
48 7795
70 2029
65 5585
44 7795
94 5585
88 2029
10
18 2821
13 3739
14 3739
19 2821
14 3739
1 1683
13 3739
13 3739
14 3739
3 5049
10
5 3582
11 7562
45 7125
11 7562
92 606
5 5844
10 7562
10 7562
5 3582
45 7125
10
26 4949
2 303
30 4949
31 4949
31 4949
33 4949
13 2121
25 4949
13 2121
32 4949
10
19 9997
33 8655
25 8655
6 5258
31 8655
19 5193
17 5193
18 5193
17 5193
6 5258
10
6 2594
16 8494
12 5188
8 4247
12 5188
11 7791
11 7791
10 7791
8 4247
8 4247
10
11 9240
11 9240
8 6930
4 3465
9 7560
8 6930
3 2520
10 9240
11 9240
7 5940
10
26 1641
65 4923
14 9427
33 1641
13 9427
77 9658
13 9427
14 9427
65 9658
87 9658
10
24 9307
13 3724
22 9307
21 9307
20 9307
2 532
20 9307
22 9307
23 9307
2 532
10
10 5231
11 5231
3 7170
11 5231
3 7170
1 2390
1 2390
1 2390
10 5231
3 7170
10
6 6811
15 9780
10 9764
7 7784
64 9857
51 9857
2 2224
87 9857
8 4890
73 9857
10
12 9027
23 5288
73 2008
22 5288
6 1322
20 5288
43 1004
24 5288
11 8024
90 2008
10
12 7754
34 595
15 6555
11 4370
12 7754
19 7866
18 8759
12 7754
6 3877
6 3877
10
47 8460
75 8594
46 4297
22 4230
20 4230
40 8460
31 5640
37 4297
43 4297
39 8460
10
10 9586
11 9586
8 2619
11 9586
10 9586
10 9586
11 9586
23 7857
11 9586
10 3492
10
14 4907
14 6642
61 3039
57 3039
54 6869
86 6869
14 6642
13 4907
90 3039
88 3039
10
11 9502
10 9502
11 9502
10 9502
10 9502
11 9502
10 9502
10 9502
10 9502
11 9502
10
6 2617
14 6627
91 8882
14 6627
14 6627
13 6627
91 8882
66 8882
13 6627
13 6627
10
16 2805
95 5112
42 8415
17 9970
1 170
38 2556
45 8415
16 7267
89 5112
27 5610
10
9 1198
36 6589
39 6589
19 7915
35 6589
19 4271
18 7915
47 6589
19 4271
38 6589
10
3 1163
28 8615
18 7610
19 7610
18 7610
19 7610
13 9103
18 7610
33 8615
33 8615
10
21 2781
20 2781
40 5562
21 2781
47 5562
36 5562
45 5562
33 3708
16 1854
25 3708
10
19 8799
14 6285
13 6285
14 6285
18 8799
14 6285
18 8799
13 6285
17 8799
14 6285
10
15 9332
4 2333
16 9332
20 5477
21 5477
16 9332
21 5477
16 9332
4 2333
21 5477
10
11 6504
18 9836
18 9836
89 49
19 9836
8 4878
17 9836
74 49
18 9836
11 6504
10
14 7789
14 7789
26 4957
14 7789
30 4957
14 7789
31 4957
33 4957
13 7789
17 8309
10
47 8312
42 8312
49 8312
34 8312
42 8312
23 4156
41 8312
41 8312
12 2078
12 2078
10
19 4559
19 4559
19 4559
17 4559
38 8299
44 8299
18 4559
18 4559
43 8299
17 4559
10
4 3970
6 5955
8 7940
6 5955
7 5228
4 3970
12 9149
4 3970
8 7940
4 3970
10
7 8493
5 6258
5 6258
7 8493
7 8493
17 6712
23 8390
7 8493
17 6712
5 6258
10
1 2379
51 567
1 2379
27 4308
42 6462
37 6462
1 2379
44 6462
36 6462
3 7137
10
11 6278
16 9417
20 5225
22 5225
23 5225
15 9417
16 9417
10 6278
10 6278
10 6278
10
9 9139
88 8629
5 5291
78 8629
5 5291
80 8629
93 8629
56 8629
5 5291
9 9139
10
51 2372
37 9526
12 6806
12 6806
12 6806
98 2372
65 2372
81 2372
6 3403
12 6806
10
13 6089
14 6089
14 6089
14 6089
10 5595
13 6089
11 5595
11 5595
11 5595
14 6089
10
97 3791
3 6570
1 2190
75 3791
84 3791
22 5938
3 6570
12 2969
1 2190
23 5938
10
16 7729
11 6689
6 4174
12 8348
15 7729
15 7729
11 6689
12 8348
12 8348
15 7729
10
17 2307
19 7145
17 9616
32 3845
18 9616
19 7145
30 3845
28 3845
12 6010
27 3845
10
13 3826
5 4120
15 9319
14 3826
7 1913
70 3823
7 1913
15 9319
76 3823
13 3826
10
9 7701
11 6218
9 7701
6 3112
5 9264
4 7334
16 9327
12 6224
5 9264
11 6218
10
10 8205
10 8205
11 8205
11 8205
10 8205
10 8205
11 8205
11 8205
11 8205
10 8205
10
10 6862
13 6121
10 6862
21 8513
23 8513
13 6121
10 6862
13 6121
42 5382
24 2691
10
13 8755
13 8755
32 5006
29 5006
33 5006
13 8755
30 5006
14 8755
34 7509
14 8755
10
10 6101
92 5349
11 6101
27 1783
89 5349
11 6101
25 1783
10 6101
87 5349
10 6101
10
21 5714
22 9411
20 9411
12 2857
14 7193
24 5714
14 7193
22 5714
12 2857
24 5714
10
79 2181
28 727
75 2181
93 2181
65 2181
60 2181
83 2181
53 2181
54 2181
50 2181
10
13 9423
14 9423
46 6914
14 9423
81 857
48 6914
14 9423
54 857
13 9423
23 3457
10
10 7723
11 7723
10 7723
11 7723
11 7723
11 7723
11 7723
10 7723
11 7723
11 7723
10
9 9402
9 9402
3 3134
9 9402
3 3134
9 9402
3 3134
9 9402
3 3134
9 9402
10
16 6803
10 7889
16 6803
18 2291
15 6803
18 2291
17 2291
10 7889
10 7889
10 7889
10
10 7365
41 4221
4 6012
25 2814
7 603
10 7365
11 7365
6 9018
4 6012
6 9018
10
92 9228
4 9658
3 7024
80 3316
30 3076
4 9658
86 9228
96 8534
60 9228
79 3316
10
1 2575
5 1276
11 6707
21 6061
15 8436
8 4218
3 7725
8 4218
10 5624
10 6707
10
29 8713
25 8713
28 8713
31 8713
1 2602
1 2602
1 2602
3 7806
3 7806
1 2602
10
6 8352
4 5568
13 3962
13 3962
7 1981
4 5568
14 3962
6 8352
7 1981
13 3962
10
14 3370
13 3370
13 3370
17 4718
13 3370
18 4718
7 1685
18 4718
7 1685
19 4718
10
4 8575
4 8575
4 8575
2 4200
4 8575
2 4200
2 4200
2 4200
2 4200
4 8575
10
10 7833
10 7833
19 6086
10 7833
26 9762
25 9762
19 6086
32 9762
17 6086
26 9762
10
7 8700
20 7439
15 8177
4 5075
21 7439
15 8177
15 8177
23 7439
15 8177
16 8177
10
17 7341
17 7341
18 7341
8 3935
4 1470
18 9444
11 3920
18 9444
17 9444
23 8820
10
20 8459
26 7645
33 7645
28 7645
24 8459
26 4513
26 4513
20 8459
25 7645
25 4513
10
91 680
18 5017
3 8868
70 680
1 2956
1 2956
4 2228
87 680
16 8912
19 5017
10
18 6053
6 6755
19 6053
11 5787
6 6755
6 6755
6 6755
11 5787
11 5787
17 9731
10
17 2575
19 2575
18 2575
18 2575
19 2575
17 2575
19 2575
18 2575
19 2575
19 2575
10
19 5823
21 8011
6 2798
26 9705
18 9957
19 5823
18 9957
12 5596
6 2798
12 5596
10
18 7400
4 4328
8 8656
6 6492
12 4625
8 8656
6 6492
8 8656
6 6492
4 4328
10
96 2800
18 4903
6 7336
42 1400
19 4903
61 2800
17 4903
82 2800
6 7336
6 7336
10
5 1705
17 6479
9 2945
6 2942
5 1705
19 6479
6 2942
6 2942
56 1991
9 2945
10
8 8080
4 4040
64 2845
63 2845
63 2845
66 2845
84 2845
55 2845
4 4040
66 2845
10
33 4657
27 4657
5 2105
32 4657
40 8059
27 4657
44 8059
31 4657
17 7999
18 7999
10
24 9555
17 7644
8 3185
8 3185
14 5460
22 9555
2 780
8 3185
19 7644
17 7644
10
35 6438
42 6438
49 6438
33 4292
33 4292
49 6438
20 7797
26 4292
24 7797
43 6438
10
10 8718
10 8718
10 8953
11 8718
47 6725
10 8953
41 6725
37 6725
11 8718
45 6725
10
31 4027
25 4027
32 4027
30 4027
32 4027
31 4027
26 4027
31 4027
26 4027
30 4027
10
19 5866
10 6949
14 9275
19 5866
99 3785
55 3785
2 1325
18 5866
17 5866
14 9275
10
53 2888
98 2888
1 3162
83 2888
1 3162
10 9682
11 9682
62 2888
64 2888
11 9682
10
11 6131
27 3789
43 7333
42 7333
56 9169
25 3789
38 7333
38 7333
48 7333
33 3789
10
17 9133
17 9133
18 9133
17 9133
18 9133
18 9133
19 9133
19 9133
19 9133
19 9133
10
43 9316
49 9316
40 9316
12 5266
45 9316
12 5266
12 5266
12 5266
39 9316
43 9316
10
16 8648
16 8648
88 316
4 2162
16 8648
6 3243
6 3243
6 3243
63 316
79 316
10
13 7185
13 7185
13 7185
14 7185
13 7185
14 7185
13 7185
14 7185
14 7185
13 7185
10
28 7247
33 7247
34 3258
99 6516
27 7247
45 8542
62 6516
32 7247
37 8542
25 7247
10
11 9489
11 9489
10 9489
10 9489
10 9489
8 6978
11 9304
95 7790
8 6978
10 9489
10
6 4079
6 3655
12 7310
20 8405
12 7310
12 7310
12 8158
6 4079
12 8158
21 8405
10
6 5495
7 3706
13 7412
13 7412
4 4670
7 3706
7 3706
6 5495
13 7412
8 9340
10
14 6753
13 6753
13 6753
7 2839
14 6753
14 5678
13 6753
13 5678
14 5678
13 5678
10
19 8951
18 8951
18 8951
21 9567
8 3189
10 4252
8 3189
18 8951
23 9567
18 8951
10
7 7200
19 3783
14 3209
13 3209
6 6300
17 6859
14 3209
13 3209
25 6305
7 7200
10
69 9085
56 9085
29 6042
15 3021
19 5461
19 5461
19 5461
19 5461
19 5461
25 6042
10
14 8641
4 1193
14 8641
24 7158
22 7158
14 8641
27 9544
14 8641
29 9544
28 9544
10
34 7909
13 5413
9 3152
12 4334
14 5413
4 4747
38 7909
14 5413
9 3152
13 5413
10
39 1196
14 4762
13 4762
14 4762
42 1196
78 2392
13 4762
14 4762
80 2392
13 4762
10
85 6763
23 7809
21 7809
64 6763
81 6763
22 7809
24 7809
5 1644
16 5206
16 5206
10
11 6670
20 5590
71 4013
19 9675
17 9675
19 9675
21 5590
10 5375
11 6670
10 5375
10
40 9692
34 9692
39 9692
49 9692
36 9692
22 4846
46 9692
48 9692
44 9692
22 4846
10
15 8529
16 8529
13 8305
13 8305
14 8305
16 8529
16 8529
10 5686
11 5686
14 8305
