2724943236
46614569
1100125814
1244128306
2746558281
1342789589
2696602309
2370099787
1703967394
1353724361
1302933905
2183535318
2027663248
1764747128
2010001104
2180364484
1503756907
1403205504
1545303098
616301598
961440702
2629490446
2401702498
1320840373
2233688847
1382802905
1881728840
2377892877
2441815249
1423860728
2001867258
2205284977
2872557943
2864021951
2531365209
2548141781
2296050546
1809498386
2529762408
2025784095
617069677
2881944291
3211051911
2359002779
1351464511
2594826136
1380954136
1281147486
2430965865
2122265485
1744376990
1724229978
1537166089
838812344
2332013198
1880146657
1436203383
1870211744
1385442946
2564467801
1041316314
2867030539
1197189764
2216321135
1655985054
2339835992
875315078
1533594783
2471939402
2319175997
1405119267
1888062547
1644975180
1890320515
1995863096
1578945067
715354485
1732796523
2349716838
2191984385
1915830684
1851331021
1794242822
888288881
2842094615
1111275266
666000267
1856833586
2067739661
565627329
2352601076
1526066158
1100635973
1353114333
934536705
1617994169
2381166510
847839769
2376170983
1804711985
