8
5
5
3
1
1
1
820415383
722692055
772886968
648458227
791015577
904183511
292079266
751431661
454462618
339910488
317244904
319957196
909155176
738239718
713324899
606708431
560457449
901212140
624876834
174817250
497934576
20831616
499424435
479121302
209743238
605729139
246317939
598892905
788259375
649016226
266290177
924857558
471846000
749189066
15048231
843540865
158328659
876886667
394547796
397966171
477054557
637621586
671343109
657672363
170100329
822758891
409306307
710817407
865124189
99185289
283458219
439643717
717904911
246535742
895153791
198556484
16736728
694917802
241585943
369550037
597819536
270280839
497413807
460596657
88736057
169573420
878925598
364000969
34710115
727071647
163974229
364264568
182588850
711501375
418154119
605328861
25421958
274340244
811444879
964711000
133140216
856533730
349794994
913337068
949503701
5451365
492512613
89222091
124211235
677300337
615403297
557304698
780749728
