100
6 6
100100
100100
100100
111111
000100
000100
6 6
101110
101000
111110
001010
111010
000000
6 6
001110
001110
000010
000010
110110
111100
6 6
110100
110110
111110
000000
000000
000000
6 6
000111
000111
111001
101011
111111
000000
6 6
111000
111000
100000
100000
110011
011111
6 6
111110
110011
110001
000111
000111
000000
6 6
000111
000111
110001
110011
111110
100000
6 6
111111
111111
111111
111111
111111
111111
6 6
000111
000111
110001
110011
111110
000000
6 6
111111
111111
111111
111111
000000
000000
6 6
111111
111111
111111
111111
000000
000000
6 6
001110
001110
110010
110110
111100
001100
6 6
000111
000111
111001
110011
111111
000000
6 6
011111
110011
100011
111000
101000
111000
6 6
111111
111111
111111
111111
111111
111111
6 6
111011
110011
011111
000000
000000
000000
6 6
110011
110011
111111
001100
000000
000000
6 6
111000
111000
001000
111000
111000
011000
6 6
001110
001110
110010
110110
111110
000000
6 6
000111
110111
110001
100001
110011
111110
6 6
011111
110011
100010
100000
111000
111000
6 6
111110
110011
110001
000001
011011
111111
6 6
111000
111000
111000
000000
000000
000000
6 6
111000
111000
100011
110011
011111
001100
6 6
111110
110011
110001
000111
000111
000011
6 6
011110
110110
100110
110000
110000
000000
6 6
111000
101000
111000
001000
111000
111000
6 6
000111
111011
111001
100001
110011
011110
6 6
111000
101000
111000
101011
110011
011111
6 6
111110
110110
110110
000100
000000
000000
6 6
111111
111111
111111
000000
000000
000000
6 6
111000
111000
100000
100000
110000
111000
6 6
111110
110011
110001
000111
000101
000111
6 6
111000
111000
001000
001000
011000
011000
6 6
000110
000111
000001
011001
011011
111111
6 6
110000
110011
111111
001100
000000
000000
6 6
111110
110011
110001
000011
000111
000000
6 6
111000
111000
100000
100000
111000
111100
6 6
111000
111000
100000
100111
110011
011110
6 6
110011
110011
011111
000110
000000
000000
6 6
111000
111000
100000
100111
110101
011111
6 6
000111
000111
000001
110001
110011
111111
6 6
001100
001110
110010
110110
111100
000000
6 6
000111
000111
010001
011011
111111
000000
6 6
011110
110110
100110
100000
111000
111000
6 6
110110
110110
111110
110000
000000
000000
6 6
111110
111110
111110
111110
000000
000000
6 6
011110
110110
100110
100000
110110
011110
6 6
111111
111111
111111
111111
111111
000000
6 6
111110
110110
110110
110000
000000
000000
6 6
111111
110011
110011
000000
000000
000000
6 6
111000
111000
110000
000000
000000
000000
6 6
000111
000111
000001
110001
110011
111110
6 6
111000
111000
111000
100000
000000
000000
6 6
111000
111000
111000
110000
000000
000000
6 6
000011
111011
111001
100001
110011
011111
6 6
000111
000111
000001
000001
110011
111111
6 6
000111
000111
000001
111001
101011
111110
6 6
110011
110011
111111
000011
000000
000000
6 6
111111
111111
111111
111111
111111
000000
6 6
001110
001010
001110
110010
110110
111100
6 6
111100
111100
111100
111100
000000
000000
6 6
111000
111000
100010
110011
011111
001100
6 6
111110
110011
000001
011101
011011
011111
6 6
000110
000110
110010
110110
111110
000000
6 6
000111
110111
111001
100001
110011
111110
6 6
001110
001110
000010
111010
110110
011100
6 6
011110
110110
100110
111000
111000
000000
6 6
011110
110110
100110
100000
110000
111000
6 6
111110
110110
110110
100000
000000
000000
6 6
111100
110110
110010
000010
001110
001100
6 6
111100
110110
000010
001110
001110
000000
6 6
011110
110011
100001
111001
111011
000011
6 6
111111
111111
111111
111111
111111
111111
6 6
111111
110011
110011
011000
000000
000000
6 6
100110
110110
111110
000000
000000
000000
6 6
111110
111110
111110
111110
111110
000000
6 6
111000
111000
100000
111000
111000
000000
6 6
011110
110110
100110
111000
011000
000000
6 6
011110
110110
100000
111000
111000
011000
6 6
111110
110110
010110
000000
000000
000000
6 6
011111
110011
100001
100110
110110
011110
6 6
111100
111100
111100
000000
000000
000000
6 6
111100
110110
000010
001110
001110
000110
6 6
001110
001110
000010
110010
110110
111100
6 6
111110
111110
111110
000000
000000
000000
6 6
111110
110011
110001
000001
000111
000111
6 6
011110
110011
100111
100000
111000
111000
6 6
111110
110110
110000
110000
000000
000000
6 6
111000
111000
100110
110110
011110
000010
6 6
000110
000111
110001
110011
111111
000000
6 6
111000
111000
100110
110110
011110
010000
6 6
111000
011000
001000
111000
111000
000000
6 6
000111
000011
000001
110001
110011
111110
6 6
111111
110011
110011
000010
000000
000000
6 6
111111
111111
111111
000000
000000
000000
6 6
111111
110011
110011
110000
000000
000000
6 6
000111
000011
110001
110011
111111
000000
6 6
110110
110110
111110
001000
000000
000000
