157569590
0
96762018
827846328
180342243
242362439
692997703
298011733
722982451
325164006
136133181
503306491
822630794
698234562
535136774
517291425
3353044
163357222
77518125
373935477
265977516
587717528
722620739
861083278
796100293
293443302
224539653
403754971
821078388
398400119
76076584
570858364
488708199
562692494
886466315
709802966
747768635
253678483
328279391
689218276
759396920
173931307
333610929
950100309
117380646
630559067
947900477
455085832
180554661
118453815
114220926
140679223
356250776
691058591
289207539
477834340
513789549
145848006
680427134
458710476
801925603
951449573
156928989
2315893
370497756
19645390
616095304
602815028
983999359
409311624
347130973
189684700
56193629
288029693
536982511
238966065
258738327
625499657
65537000
701982742
479329781
569466353
662924191
495785941
177708134
959058453
908476649
568420546
58752408
741237491
435463849
25653047
864394382
577655221
794687477
70992465
566956827
94493144
853103528
13213217
861418408
163685291
545993924
142828061
633850374
661637868
935881946
793830030
380113273
699803805
326056209
864401598
681737932
472902093
148982634
425549718
900862739
655708721
53843311
138208206
314248019
574718926
246014811
605476073
894123540
99344202
731890424
322970411
885931641
662806728
99470712
479573122
885303290
256991204
681774075
61280329
499339342
525557648
486551015
440784387
513392453
723321656
279901212
366151595
150529538
554528324
307356163
304965194
752789158
373398569
742143278
530706184
761520672
495670102
105234048
289634366
855257113
108865355
59561680
173887071
957691394
212945100
895685185
250298198
378600821
48447903
783253667
501176468
350121032
295761721
89980776
167674084
384055096
222828644
217182772
504024224
309069897
118264057
306815338
847190866
247235324
922390323
564330578
786502408
472673575
300987297
373750179
673493590
444608926
98937127
713801796
339355257
505170540
433899254
313605990
393586250
761175948
151745730
280828655
200622263
890665955
809907874
726189586
953338199
505452271
244020879
890856824
835065782
199602698
82422159
343609240
286440446
583984986
490140635
508356843
941786611
425852066
262754928
605076476
454617514
941123379
659413530
636355187
278481329
847734139
752825957
218090249
842780420
73117096
641948427
108522531
513241199
812145642
74425580
599341321
700724074
491372412
624140219
148248936
451049899
661244550
885859430
827680618
103679519
131545935
37127181
56033942
767021048
985785424
815516917
322898201
301208091
464029575
747223608
239900543
333218435
806525819
726773226
906655473
435791017
854418494
992830715
77809833
18541984
93152430
507986461
713886904
573404991
479813675
573648529
829280791
465702672
88959339
527414198
125642351
623142802
145334993
312117391
881188623
239311869
948871912
895235837
263785000
613472159
82683560
25488863
22640804
637193001
430385843
473077710
283398254
936715608
577016944
906963943
697050754
368340739
241047255
679309189
683419755
794474769
717258034
414640028
530916773
125887893
751693642
32828924
894729200
5338468
456589118
627328138
892892347
821794615
804379559
140106377
798315506
380962416
163469351
382918791
796516219
774264845
568409732
136153967
312751818
230457912
976781711
648857617
396083442
770015291
566481747
763859140
800634560
867181756
451338836
274546329
786672963
660430128
722343589
586164724
385070561
495092400
189199676
430645700
187017009
820829228
744817759
374698124
589818298
968636619
416433421
255334927
138618927
565978056
205425160
520832653
466574692
472397094
504350384
933145894
806374300
113832143
650819762
726190858
605236450
132711208
257197391
178061193
120578242
215132716
188224175
204535228
831722611
347839363
860597260
175758968
42893860
147015101
620796851
768044871
815390275
590767352
575271620
80250979
321467643
819461618
754393131
675344371
520271708
369126751
976275633
939057542
789734382
883823969
919699206
536452056
859761666
580028770
279650798
86164463
978257269
946640307
21962025
498809994
408570600
453599085
956336585
406216173
343969237
722321138
765198628
876238880
68303078
378606384
62714527
174586788
37102905
23973888
750960737
909716713
801349730
786716402
707359805
261822728
554141370
340921687
965168063
327111928
627195073
634605092
831118083
219200344
132244940
770483736
979469573
229873598
812902648
479049908
582304672
865809184
517018742
534253363
945601661
445521297
824537706
484328787
17460425
78906804
184835927
953704333
97856276
106578732
46659746
585625721
569648715
267367300
622736630
627322214
384235411
800744364
469652373
779319906
140838499
506130377
81613510
300819229
397167025
951271886
238313637
507698898
582249808
349698439
178022382
733430330
488401527
473931639
566770848
787102250
440977819
53268601
134428838
114693524
582801781
85619552
673681808
921450237
576983726
866689579
766515752
703710835
196036960
533013291
703552430
868118010
972908577
293325628
669242075
741371399
864674193
602414114
130642156
400382873
840312748
623816814
849716686
137940300
27200175
519435346
62864500
698205907
442410336
703164641
203538749
424291541
634093982
33091570
614955633
822385597
349739641
546412318
729637178
555738468
104658670
153537369
74272961
663199796
868176161
913797105
769373616
298457545
285962384
945393368
302141092
490240060
778201900
703766260
774413619
225728860
744958387
216270790
958460257
285739722
676778300
263331611
527775580
266179035
185441989
997344393
39298840
623654086
754841207
142707595
319041905
677955765
506023083
998403160
82906195
842438685
566107406
266406116
76846252
278825245
857532992
51328926
767048706
164362696
208907323
471410562
712084492
562775431
522897006
16393259
327956736
930084374
145558007
684481614
775436759
901933309
668407934
76911039
235016145
908133812
839390334
744293363
529141445
590081102
73568991
634527532
941283176
505582312
340243910
717873693
432573937
244413953
791037973
507068965
751966224
356367309
457716809
971131556
105556368
462380293
583947981
14823183
929833314
257072584
953832289
508353604
566957039
824011979
45543979
593651944
937353493
51242140
926379963
609109806
52187629
397857241
547656445
47279300
420925419
593695867
339466653
338252114
529506705
169777032
160319430
63494
500747476
359061761
898998986
862360679
253212559
194050084
951820703
903048318
805824621
401576776
758979333
996259256
365101406
749084335
569151294
392120283
941158613
13831158
92282790
246796044
98858279
2217468
847506082
167557499
799468011
416304677
252439954
987505622
89990267
414387195
505076444
433145518
745930607
185090051
955330851
800481299
92625279
613102125
909443571
403917747
831373348
624406216
247342858
498889900
650386521
487001201
75652939
650629886
282867315
179018186
909228166
301027585
412922330
473276314
709569223
766425908
924133211
45489551
724422221
164268968
484028936
850675314
144338437
47592684
616768116
249510006
654085934
985507160
192868327
697000426
659545771
261911383
366961193
773944833
960151595
116915569
797723253
433796133
644931806
30751153
140413911
453247632
862200330
116906621
900656249
356144062
5261873
791001624
228671998
398643849
343063409
168384817
175800493
90528763
701263457
409092845
246632357
455285130
767502771
657808366
969637893
958918349
592720170
376606822
265927385
142908798
768116841
657457395
433524925
20304228
909068830
348224204
742119889
691338150
393848919
763497753
295249377
129944335
252573999
880717778
84709696
524100793
799888267
488774753
686231756
963122774
558195306
547434226
416128760
643054002
578756846
319555694
497439170
87703072
605839996
201366171
389980086
893091616
989690996
168692893
448730836
470091001
95773979
287299797
911393236
367782556
627935937
428739328
27188501
52764833
680518374
752024645
967749301
994776664
779880480
476093941
846054977
679782993
723034493
845879026
60760185
376759687
334081352
190664869
794894060
43034386
429140922
531158403
318511844
495990746
404309613
285205413
758476459
66988538
46315982
487054709
901501901
439114154
154611703
174115014
420432990
465035371
662558391
590250922
322508702
521819766
666685462
12746991
830285168
637661916
697342226
930619684
886299677
160373996
798350801
422248108
107085215
161076189
24393392
763999249
530706766
656108493
782728639
451262775
205560930
957124258
551660563
873742976
391731517
171220986
106789135
461660119
871608736
240852621
622818677
953975361
738229103
337017081
225846456
90701124
88155696
859892909
994946062
810551371
391345661
689955484
679838607
573185021
265540487
772253708
990415811
708526392
907529232
622715972
128528823
331462999
801415391
643680003
673569136
303985704
520215518
85342652
626009975
492886062
836931033
828892377
498357742
897558888
763567114
24869041
68969712
908770913
1097548
522075718
47298492
710269709
758496547
466869749
988833464
861102496
97170481
837195817
26441953
315577454
191796930
616228534
232864638
867993933
618858630
175709406
142269261
444735128
217248093
869450118
