100
16 78 87 84
93 87 36 94
28 63 22 50
27 64 60 91
37 73 27 41
30 68 69 12
24 63 31 83
3 30 36 68
68 70 59 23
43 12 57 94
20 22 74 30
25 99 38 85
27 14 71 16
74 57 81 92
82 97 71 63
28 85 26 6
30 47 6 37
96 25 58 14
68 15 46 83
51 44 65 35
79 77 9 88
52 4 85 89
61 33 100 55
13 40 69 77
40 95 87 27
79 35 71 96
3 98 2 68
57 53 93 18
42 87 81 2
20 45 90 66
18 32 30 41
76 82 72 98
57 68 28 10
66 87 54 98
25 20 84 7
30 33 72 29
69 71 20 4
50 41 16 9
46 19 24 97
56 22 52 47
29 65 89 80
1 94 51 42
15 25 65 35
92 44 57 88
37 60 66 28
29 38 52 33
22 75 8 76
38 30 96 59
29 19 94 36
30 29 12 44
64 44 5 77
41 7 39 14
89 29 19 5
97 18 18 70
84 71 44 25
26 73 100 91
40 6 91 45
83 70 87 55
8 98 65 43
12 49 5 56
44 100 29 23
23 41 69 47
2 6 11 12
6 79 31 62
27 45 37 21
17 9 66 23
38 25 59 83
37 1 25 63
51 80 100 53
32 74 72 69
95 34 31 82
82 100 64 61
74 60 97 100
96 91 69 14
41 85 67 27
43 77 85 91
57 46 8 37
13 88 19 80
10 60 73 49
88 43 11 37
73 14 2 7
100 20 56 22
12 40 5 22
29 6 68 41
59 85 51 28
70 23 25 21
85 31 82 97
51 73 73 93
100 23 86 26
14 99 43 41
91 25 91 99
37 20 82 10
5 95 56 33
77 74 70 80
43 61 56 51
6 94 85 80
14 5 68 22
60 27 55 62
7 3 3 45
69 43 22 85
