1000
487396743790 32
512953851766 96
727363924911 497334590343
26 969513321180
60 235788603236
42 134450101282
456475206088 33
29839820266 614983324372
821384126406 91694423026
444918255504 152647686252
833949481454 767941675752
39823869033 39823869033
965494760072 300858225698
394182371632 528074828142
376676347230 461669963515
110110300188 91
93809447786 996044487544
303137697276 421303282467
496766422215 60
42 495834531584
68 522332949672
45 876340013765
62 666783484468
797635843856 263671514480
784670202194 326747939582
692700050556 9
27 887016008835
93892472034 776787295995
2 636611295822
755946158388 23411284070
58 224376179026
680900333241 57
976361110767 976361110770
822245279100 25
135134577810 532238269746
21296211018 590801518360
57 284631685476
94 416195784076
501675793426 941312974460
65 955554370765
16 426551122856
60 63164471151
179911362244 52
898998824496 80
832286886657 3
298878890692 90
321104187502 970490456052
38 539689241738
651511273179 651511273176
597471233668 612191291898
65 783858641220
54 442505795924
318736127835 379944477215
757376638754 876781925602
178144129982 948413711037
80 81640368420
431086518918 385239858132
670479398560 66
321265971116 430664782370
4 122698520950
188774513138 138487033808
994960392538 751661339006
325164339565 403137698873
140155550130 581415144754
167863816379 7
238472606172 6
21 875770419139
105981232125 699238789124
578781733825 6199984925
54 195616711080
46541428115 55
42 59766642971
5962098426 66
269061782922 871552616229
559774318246 854579386374
553709096824 955882344840
391477368426 391477368422
25385285680 417611854352
561255929488 36
14 101057950712
5 914229798285
862570296759 178097048901
809615420580 46
808646922276 465022174660
571823735073 531840170355
752338872922 52127411174
205642951797 210434694441
997556037911 985006471854
57 171966474771
939448320666 10
933204980890 446854459952
407099190005 80
89217935468 70
95542077838 42
28 605061120206
50 335332703796
62 418807191108
136289068136 127918673076
48 300160761704
4 683807313110
24 325703238183
815770788740 802716083425
153042297884 60
401730429234 15
395254888104 40948980892
44 869215990812
420175278064 420175278066
413314310905 646748247345
209820370062 18
58 224201223686
49 797330963177
260350200879 129458401485
42 30438374366
26 854194426218
768828193543 768828193543
98 387005130574
905133427802 905133427806
846140777038 616651458008
51466791310 40
58 143685251320
86 411381080818
12 331731000105
91563315844 63
978377643730 978377643728
909697958116 60978662078
257270764696 175690679686
556375468178 16264375544
41724885945 39
688728424974 705019009292
39 299831096058
34 229809700918
79329512638 22
890474986648 13
636198207344 38
818991380550 99
882058294550 169887312492
908027268846 64
994090543164 33
10218721956 96
491862435308 717496371162
42 668312438260
352408373194 32
463829149715 195214732930
25 433856177870
94 427437677094
582781594738 546075882336
487144613306 404216627822
64 292044725334
851598506988 718656887169
70 341189440654
434658138168 84
64 241430514444
39 382977561258
354151509621 255624422027
88 731562375804
62 78103110756
95 940468117805
740079036197 740079036197
241692843840 77
894324854950 44
262979697228 697582730835
36 626578881394
723413504690 254761898892
479630562182 83730907406
357233015926 6
24 131873800430
32 905425588740
14 725828459086
116251311039 582123831537
824863256160 519929516727
267360270304 592303120348
399595423338 38
603829085050 9313005782
550072109697 78
894205489761 924218628696
952392735790 917732216006
327458365268 414972128180
395200674267 925055574600
386949626350 21
18 289752805510
40 149224286640
371196692018 8
209866762886 24
26 215611606538
48 337955085112
621941469644 878840567028
982810207886 18
573131968988 48
571002381989 52
30 525091446224
229113095484 496092023877
452969056020 69
90 553611373410
106607757531 6
6 315713709650
93 219091737222
33 306525512685
992494858858 105010408992
44 774544185616
926933358980 926933358982
821277535838 96
36 126491113749
831917510787 63
10 171135749410
40 373814936346
290390926978 931311765342
794477087312 60
2 523570457224
659886533929 659886533929
128013653614 66
211664505505 420223578645
100 83703855240
98192506972 176613161728
53633138232 54
831972455414 98
391031765736 391031765733
57 704225121831
51 333055753122
109496205606 214184381040
32 649281041946
994588460565 42
339985024875 99
142884987174 919399235948
811907374618 739722955036
833606396004 66
94267685262 51
171619577860 189071828865
99790557744 563897406924
375583994648 232114221614
50 447263673386
88 439755251102
30 141185138524
51056439704 182990180786
841273117274 4
873717458904 40
664475799462 38
54 661730739740
566661109420 473405464496
63129953785 95
860787673319 56
198427238044 26
259820895279 895116206431
742744452306 94
835781337925 15
675424945760 18609511535
2 769827109612
79195727325 60
49004494862 389135648228
992214713560 719900050922
72 991251411988
75 815373128667
84 306014211129
989094555044 523344646370
96 873202232668
62 246221908536
63 397430004702
430892827263 911038556223
368075025782 237909839028
381808516800 892535823202
32 989345543460
745993958880 16
158752866728 910108204560
50 727638044048
6 714621697294
877302290372 135368060250
861400645486 893652470040
483791268950 970024877644
319599641944 319599641940
766651691316 6
16 242084462260
555377857434 352227953808
610146171698 758893615800
122917933029 379497912657
368643857270 427176330816
835728726206 304230997834
557101083023 557101083023
258350548258 525352189473
19786641478 84
536817762910 2
46 302824944746
75 242873421395
777201559097 538438400100
402867355950 854554373884
831782086098 112774977744
485309731173 87
884561087996 51068181202
617703460034 617703460038
109602000888 316077356972
979269592581 30
774107025892 986180323976
300650571888 66
5 746783743170
310161657626 312933754502
35 696531503353
529257142899 191003439435
111459588662 422470695510
99 568182576087
774375789271 367755240846
766337581051 766337581051
620721594774 249074474028
452257121522 34
152838365275 65
929787528056 929787528052
87 548222532918
55 523467126369
2 344289738784
73849711285 50
84946573243 749695824864
125039763524 74
18 263009653815
364403285868 467603331268
94 782962920868
786875701118 325169998194
96 290561278888
38 585371154390
75 113202072635
175499737189 96039694639
703021804316 6968456651
821142499407 772389466074
98 749058630174
956856330491 956856330491
66858436905 42
170563754018 24
22037452928 48
442881393934 274013459797
55676936174 50
350807125458 12
100 528142145680
69405857146 213344540546
841405208350 379899296945
72 933513867921
22 803816561620
889104473206 768481131520
647972612840 82
627831896121 18
82 241220536502
440603156448 84
69641007849 56
340395279778 92
279435494738 64
670771867740 86
100 1534169705
36 166124052244
601777024751 773833838001
583894771959 84
792125628633 6
660805989220 774516621936
621027320932 72
82 517569140410
72 193517025465
922180611190 721397600088
590354851510 184056511256
701315859622 627774931160
99 827003439972
229997315928 76
351751660636 717076268144
577612610106 16989120682
115312838490 124261636205
823030452668 760773137372
6705845816 60
981050296144 687216106016
364038802876 26
296917066128 642637244610
62573301464 22
99 844904193666
76 455563340766
271104108416 80
338674683844 32
376859939758 834027164538
566296981168 536870504578
93364620357 129789240894
65885039744 24
52 409011915894
874828538798 606546662410
86 668034036738
11 215867149047
96 34809497106
25183786318 922211108932
150516481702 56
30 503624022255
224089078074 46352724825
560634915909 27
90 473409539798
103663258254 57
168634433478 48
878066226254 28
324845460566 100
168057599289 12
782290697792 616522287692
521539779333 3
940304733561 383341678263
501251681818 386643536958
42156877377 79363719954
60 522963012856
174351191782 72
30719011785 445662644181
531174999442 86
80 400338600775
4 429150980462
330016133626 418705503406
446700223738 10
526248968385 599344947355
854917668928 48429980624
682143999556 30
723903187053 99
822819133096 32
335807618146 968800990333
996617386420 955558342378
66 812296726797
724524621512 634551263038
184742091804 22
940901670280 28
233813619872 40
291615469442 920600704318
615017577026 844325431792
900568756956 881491173686
63 3322181661
366661602075 778519956603
899389265025 808363952605
18239876788 881954722621
46 162689882642
476075351003 895817318046
94 141001371858
232413360410 77
82887314150 820399510704
557864599721 11
238063548306 458293605771
994416437720 869140275735
28 365995728623
504949800826 657646929108
623850608544 264646007136
10 62826650202
50 213038353595
882081124710 530239287715
707097244215 9834643150
906830031434 26
44 72243884318
852745894735 323948920695
310085318433 586865683277
932389584494 92
99 820728529686
558340137380 26
572263236903 27
747080493835 857295253126
139284437578 139284437582
649042592290 649042592286
304513314528 368850731265
90 246848841910
366966951272 98
723354583833 996445670205
943677790740 74
152641736734 271546168680
997227811413 818649349806
140027619319 63
441257527808 167416144894
118806261939 546824883909
583721284662 80
210593526252 802603595124
898994916315 359894282615
15 163824489450
436472527469 480587182029
829325351774 656699881418
794526010 100
771920671160 12
54 597882288105
887215541636 693583337268
26 752364461506
661142121126 33
732929589670 701314920375
278586674772 34
833534182046 621607715176
560800919840 62
825139968384 103266893424
97379158911 84
631370472551 65
375847140542 80
24 828749054408
42 412831602963
556664422053 828776463918
820508535678 899762143267
260995152662 66
624820591850 419493395220
32 980007086324
50 975074234985
54993562890 382939180970
810202832404 21
150148048474 332525623212
40 893746037735
589163549787 90
840530034636 767760102274
87502149508 90
991296607511 63
888840822012 296076263482
20 283967190314
408513699566 35
395723936192 138403260255
249097366092 96
508537624838 40
95 185246358105
63 484270174245
461751837780 461751837776
536363384802 385358247669
368385598776 973660520292
272370260061 817575773568
10 364476102105
412190906226 94757850340
686401640260 38
33 220867317216
189666867946 453371741228
902272509412 72
747837199557 28
470200527495 470200527492
937551536418 90
73086508236 352857866296
68 597078101204
733565277501 786758987898
12570140633 12570140633
25 242160559325
968925375916 40
60 716385616586
428710704130 224227373770
82 55434770404
717014011002 638653030838
10 586625806552
28 907505254904
608096808675 66
6777944630 263075871156
797431910859 6
37 76205675783
639214339946 42
237350634485 25
88 160277465768
12 269918877843
500025818768 977262214410
96 781800740502
26 892761129090
235183263903 70
888695703620 352917181446
513316126370 419783318637
531294620301 93
60 554258756966
899629837073 418318698864
928624064176 35376693030
890970721950 355978432083
60 174449860960
44 383222841076
82 564642971940
998960367436 34
5641464933 54425012109
391926271620 350476634426
568839875042 360106642884
790273347074 39252967988
48 258461158232
226746918934 786991476424
875236357592 92
12 761359813508
203075097135 244094526201
497483452279 685680696393
133095056124 99
93752551112 541607485864
48 458393382450
64 774718188692
773036304724 744832367414
737338411225 237543205588
62 895372430871
459542757468 957792320424
275452441536 612451351626
500182203720 591955931522
90 459868372812
40 31089669115
372343194795 948469774219
32 880930609402
625282170762 42601332128
66 975448271752
40 471508695585
622659778585 367640659370
383546194638 28769976056
584846412714 636219365646
60 23638769469
778833131945 40
259552237248 34
44 126404020906
456323963218 544335675969
99399081570 31787085290
54 138961814613
2 382840051864
49 647997980042
479973749484 189211918482
370690370728 429097766244
775546846557 942852495081
48 523574190076
61575493695 339505473080
278456101563 201526817211
950457268299 118218565998
310422682100 137105206994
790080982599 954344785668
844789955395 962619832010
681192707902 457627584172
594922054472 53
54 185814721422
54 495601750158
18 427601806878
788323885491 788323885488
45 793683282295
183506650878 369761932086
80 83751213685
858871602190 245017723864
142976121295 482690009330
120763030074 12
302732231036 94
12 335980435950
14732265771 417484122882
721988308100 25
75 956890342275
215822353817 49
86 328168999734
42 948785443383
254160786026 21
895317797941 895317797941
314287974264 314287974262
36894437817 170650233138
95 46573248590
969516166100 869743800402
697199435702 60
704315135828 810151349896
596781482798 2
717251535734 985809363332
74 520409546870
456460194296 183225599410
15 10706736507
882379067316 983491785754
712492145259 60
297949110806 4
12 91156343886
63 8780460888
38 603366562364
677131410270 375538419534
490037205676 490037205678
514921568538 64
67320022942 675585286534
539213233107 539213233107
494893089070 406716182906
48461765067 48461765070
827176487151 15
634091468210 55
504568572368 92531452364
77 100317679
215207633724 215207633720
189411691048 959333695198
801979348500 93
213956924452 42
265431799055 231626171980
522287295115 50
58 895354850428
289619227400 972218534955
300232412169 48918251037
20 911141890270
96 137706744723
66 715241785796
311345210792 33
318685033375 100
757258653272 729381305628
16 284824273378
52 877539761870
75 308511134550
56 435113009334
948383899853 240976034195
78689553922 38
696202986655 65
490865834547 490865834544
859793260930 68
436093009912 88
662784265077 96
177323045444 339846871778
758295316732 368030814017
8 523892287342
543038124696 27
238336107318 164560579857
756575237032 100791620836
282527320197 812459617416
66 112426822995
48 38683508604
4537802391 4537802394
424775264169 15
4 865408460446
872596866644 57
194532211023 121695732513
993133926774 91633518994
36889361119 428722333624
431287460566 469215435308
27 582820646133
624439157194 48
768210139109 768210139109
934885504640 12
558725763378 62
526972248620 778764007450
952975852435 68207353515
34 208625574654
360176185940 20
79909192614 39
196099158294 411326492061
615939787704 36
80 813056609105
777115195322 593050126486
190380497570 75
84 776821255802
44 643862377728
144560732272 144560732270
170677630852 460615406512
190458695925 190458695922
753403990570 37241225364
100 532958756880
80666405020 80666405016
314557965106 118063107306
536966899205 80
949560374397 969282781713
18 540421509000
251305605854 86
94 658707010354
466021480406 96
376390656780 502143796028
21 728441537397
82 359491472302
639766706464 330439837656
310455478817 55
562991864062 197418397668
432339763180 78
411568691024 115736603945
244972487284 90
224105632041 678381085929
920072556370 628813875942
13940543995 91
64 302991055828
719112852471 904859440203
393401176428 696101014077
933744846985 5
920887797752 20
57 328472501421
68 520431430620
352793199956 78
761133302408 98
86 275245116196
57 90902922894
284793695736 428968230314
91 958392370923
120762214622 62
169371475570 592923949484
72 263305409178
626862039814 84
351950670028 52947670216
864150821932 268069990537
392674687198 100
948945894524 2
688888247067 900176607834
84549394713 573210550150
40 607324008455
439340906067 890324714163
304297156537 51806247702
690172920968 38
717572170295 636263376127
621506333810 140694975086
469317686204 530773805266
558846541166 357920067076
363613619304 390972232059
913391920148 30
58 705937624924
6 126006916647
847002478736 847002478734
279974637260 94
22 837548324070
48 764035303846
280384885090 201353085384
87 498790642134
176659595934 918312083043
418067135834 930594675758
63 741601098591
596376444099 727116996420
561335911839 753638375691
322928279885 145556374750
671339640528 671339640530
60 344093923455
389578716192 924167229398
24 122348303127
299367709718 32
448167847475 70
38807962450 42
855077764060 98
14 869207398786
498460005880 18
923568294112 48
103273540231 103273540231
301152958018 98
83617230416 482493023558
736964021646 192898641189
351543532385 15
733878470348 74
218753685400 114353245945
48 331682113588
290081208495 290081208498
471400893136 650988598780
441606532785 2213447016
134918392763 887162263108
742176451812 235219827724
174393658084 743661748290
20 758244391228
66256317545 272279055136
581373480779 581373480779
696748807039 69
42 952389903330
953796055324 489948247752
21137180728 56
170338471830 134321079360
464050908258 218618921768
638008796452 72
64271121462 34
438761545226 586803666020
912432819220 30
509326853052 8
235457989634 82
186888521128 48
805004242597 805004242597
465073825373 465073825373
24 368670044856
315191370582 42001808410
852967447740 78
860279835543 167966965782
700494502928 99
899919279060 256953200245
909696978086 909696978090
562045741804 72
352409321165 35
402784604446 438150441506
76 166152064668
25 157276700630
18 741224566260
137253357002 137253357000
43 922534589239
80 511793544504
502422485132 48
88975130942 88975130944
629359636842 621102242960
917679441289 973615273481
524695889277 35
99 420625972200
658206021102 388902440164
90 758137771875
857910474240 473695764441
65 457587258680
791526932335 327163247960
714337685952 96
910567193588 39
54 12267644728
55 715565214755
613836206241 840677700024
21 348033188965
11514811674 799865251726
826138125884 45017452872
122367341726 256934760576
42268248562 42268248566
405790081636 14
97475717410 46
820931432361 39
86 488640428906
28 867138539624
55 609987523013
433390613428 42
78 931947181203
196946336001 937590988521
2 945972679426
20 695486515584
56 604830424499
335236016247 77
87 402490130586
237476738316 227662536255
92321102834 45726761426
352672184882 352672184880
92 825056300514
966993933825 80
233935403391 233935403388
374101579472 329089279500
365002852488 617904053343
116037588570 77214295648
170356273848 46
445408735672 6
304426624389 437842583490
661284651671 975077272421
251110955775 55
996981025818 280223041197
581163170684 653107642694
733377772538 211991690504
465407691846 20
557851226385 819103269350
951381869998 84
30 497118920735
896895586182 258083639730
505023788594 64
1547842626 210953641866
795771803316 27
898758863648 508374355398
377559767451 33
670706892507 651504970449
389149834380 57
86 905638855074
20 265773746842
323814231687 402044747334
76 108518514750
40 33136860170
967380260385 30
798960417954 82
69 369059285608
875483433310 72
18 602193142340
646843618390 8
451772184404 59801435556
353150017575 258250482291
453296298588 827302251946
787272474796 386052272930
953201550116 745856155030
988367392686 29570205188
556720217406 690125107508
277669975615 277669975610
129106886925 565332916200
771192848738 65
38671452459 60
680901720229 680901720229
475763608434 15
81 964075223100
239749050964 414307053610
492637249418 60
889888677078 135767850482
764820375818 412093896844
12 37748588154
262375123737 764067203175
270387350514 84
204344955248 204344955248
32 506485906316
44 977071610493
20703272270 355855128086
301431037652 366132674406
100 529944587236
225422619466 58
714451708601 714451708601
300729469807 160982149692
82 547987236984
81 791083103523
271831867558 167755919984
458087875274 924258751214
875281293537 54
379566506963 744694700939
721068458834 52
972296109010 52
873518958966 826820923030
33842292908 830140249754
98 822756452456
92922659264 48
16 620511437066
261404949370 16
57 479893989006
98 194525324320
701067631954 203110745884
12 463289422965
70 87180664806
368229508302 490585050896
27 641794196271
841830021015 3
706928093880 58
54 18390535012
10055672356 942944952470
185365310781 25642167552
50 143863586110
8 647029273390
82 454905146688
47443003764 134080865037
479561643854 414338730326
14 450420996711
62057846346 537076966744
85 956294007435
433452925228 562266494932
804498351698 54
70 732800804540
72 1848907932
48 477006929859
37188263373 37188263376
966234714441 761505923105
80 551579561106
914315978702 747788162498
58 34408205616
211431074800 211431074804
403062014463 981998877084
582632544768 2
100 308075910505
10000 10000
2 2
3 3
4 4
5 5
6 6
7 7
8 8
9 9
