100
1 9808 5960
2946
28 8308 659
29 17 9 10 41 9 13 33 28 27 32 10 38 30 3 29 38 16 14 35 17 2 42 15 24 33 20 1
88 4351 1485
25 8 18 9 5 2 24 14 13 1 12 18 18 13 22 1 26 26 5 24 13 4 8 19 8 4 24 1 13 10 16 12 11 13 26 9 12 21 2 1 18 8 9 19 11 12 17 3 25 13 11 5 16 25 4 19 11 5 26 2 13 16 21 23 23 15 14 13 14 26 8 11 7 12 8 14 22 16 5 19 17 17 26 3 12 26 25 15
53 8908 295
34 29 1 13 26 44 43 34 47 26 39 13 23 24 55 38 26 33 4 8 53 6 10 22 38 4 50 30 31 28 31 15 37 18 33 26 28 23 16 43 40 38 53 44 51 52 54 25 55 27 15 33 18
84 6656 3493
5 11 20 14 6 10 8 1 10 5 10 12 15 10 18 22 7 10 20 23 8 23 20 12 19 18 6 9 2 16 18 12 9 11 12 13 4 8 21 7 9 20 14 11 9 13 6 9 22 2 12 17 23 23 7 16 6 12 12 3 2 17 2 21 17 5 22 7 19 17 7 6 21 8 4 4 22 17 12 13 1 7 6 1
94 9935 277
8 4 10 6 6 11 11 7 1 10 11 10 5 10 7 8 1 8 2 8 7 2 2 2 9 9 5 9 5 10 4 4 1 1 10 8 1 1 8 6 2 3 2 6 9 8 5 1 5 8 1 2 6 9 11 10 9 5 7 11 4 2 1 9 9 7 5 3 6 4 3 10 5 7 1 9 4 9 1 2 8 10 2 4 4 8 8 5 7 7 3 7 2 4
83 9971 4965
7 58 28 50 52 59 44 56 59 41 33 31 60 8 39 28 41 27 33 54 43 34 14 47 30 6 41 33 61 36 57 17 48 49 48 16 14 53 47 3 1 20 25 60 58 3 54 24 45 5 11 50 35 60 21 17 20 31 35 49 49 42 19 42 20 58 44 32 54 9 60 51 33 37 18 5 17 57 42 53 59 37 45
99 7179 190
6 13 5 7 9 1 9 8 4 1 7 8 12 8 7 7 16 18 5 8 13 11 3 10 15 2 14 10 2 18 8 8 5 17 10 5 4 13 16 2 10 16 5 17 1 6 7 2 12 5 12 1 14 15 15 6 13 11 1 6 8 3 18 1 10 6 5 17 16 7 17 9 4 14 17 10 10 15 13 12 11 10 15 6 17 1 3 9 10 9 7 7 6 10 3 11 4 1 5
97 8380 88
12 4 15 9 7 1 13 7 16 5 2 11 8 5 4 16 9 4 4 17 7 10 14 11 12 8 16 1 16 2 16 3 1 12 13 1 12 13 9 8 1 11 4 15 1 18 5 7 8 11 2 13 6 9 13 13 12 14 9 18 17 11 8 7 4 7 3 10 17 6 18 9 9 11 4 4 1 13 7 1 17 6 14 14 15 2 7 11 14 17 13 16 17 4 8 8 14
86 9974 43
1 20 15 16 18 10 11 7 21 23 9 18 10 15 8 16 4 18 14 8 4 11 3 21 18 18 7 12 20 2 1 2 12 18 4 2 15 2 10 8 2 21 12 22 9 17 1 17 1 23 14 5 12 23 4 1 11 15 23 5 1 1 21 20 10 7 3 10 12 16 8 11 8 15 6 20 14 3 7 14 6 10 16 2 9 7
98 8290 2628
19 19 4 16 24 17 6 16 13 10 9 23 6 3 7 8 9 12 2 20 24 3 1 8 11 1 1 18 25 21 24 9 5 5 20 24 1 13 15 12 7 16 14 17 20 19 25 23 1 7 16 16 8 14 21 2 22 15 10 23 9 6 1 1 4 3 18 8 13 9 7 14 18 3 22 19 23 11 15 9 3 22 24 1 2 1 3 17 8 15 14 10 22 24 3 15 24 22
77 5660 903
6 15 21 17 25 27 27 22 15 15 14 23 28 13 24 17 25 17 14 4 14 27 6 3 1 17 28 5 1 21 10 10 25 13 5 27 8 7 12 7 28 23 3 25 10 10 20 4 9 5 10 25 9 17 1 17 18 6 14 6 23 20 17 15 7 10 8 20 22 15 18 5 9 20 3 18 27
92 4582 898
23 27 32 31 27 33 24 32 34 23 1 19 9 15 33 11 15 13 35 29 17 34 12 34 14 30 23 1 35 30 8 9 14 17 6 29 15 24 20 28 19 19 34 7 10 33 1 5 20 34 4 1 10 35 7 29 18 27 22 30 32 18 19 31 27 17 7 2 10 33 10 5 34 33 1 3 29 34 21 25 15 28 19 20 16 33 1 12 6 20 6 5
82 9912 700
8 18 6 16 1 1 3 19 7 10 22 15 16 15 23 7 24 1 12 22 10 16 23 7 7 20 14 25 18 9 15 13 13 22 8 24 16 14 15 4 6 1 17 9 13 11 1 2 9 11 20 11 22 21 24 24 17 23 1 22 5 15 21 25 8 11 10 21 19 5 2 19 16 21 9 9 18 8 15 24 13 9
83 9190 1798
25 49 53 56 29 15 33 18 19 81 56 56 67 37 7 37 15 50 63 34 68 59 31 81 64 50 35 34 41 86 15 57 10 74 59 70 61 40 56 66 63 82 35 12 47 5 2 69 10 31 71 61 80 59 74 48 22 10 36 77 13 33 45 52 76 56 63 30 32 62 3 46 62 34 52 52 54 49 21 66 60 64 78
76 8756 2027
10 88 75 11 62 83 44 14 72 60 53 24 10 24 26 77 62 68 32 1 60 38 22 31 68 89 67 9 54 81 64 26 9 37 92 86 55 64 49 4 66 28 74 48 63 74 13 3 72 50 55 47 50 60 84 37 20 90 32 72 57 49 15 24 34 79 18 7 21 39 25 10 88 11 8 63
96 8004 2445
22 7 19 7 16 6 11 1 16 20 5 1 17 8 12 7 5 17 22 10 14 10 10 16 3 18 16 12 10 6 4 12 1 5 3 8 5 11 1 20 3 21 3 15 13 14 18 2 10 19 1 9 15 21 5 1 1 14 2 5 21 19 20 20 15 17 14 20 22 16 14 8 17 10 12 1 17 15 6 7 7 20 6 13 2 11 7 20 6 17 1 22 1 18 5 22
80 7491 378
7 16 29 1 31 31 42 1 29 16 32 5 30 35 12 5 17 7 47 9 43 27 29 38 29 46 23 5 17 8 42 13 36 1 29 41 17 4 19 19 28 44 9 13 37 21 17 31 47 41 39 38 35 18 7 39 45 27 8 23 2 7 18 10 33 33 4 4 45 46 37 34 6 15 31 31 31 24 3 31
83 5754 172
24 42 1 37 24 29 4 28 25 5 24 46 24 17 15 41 47 27 29 51 28 47 29 4 14 48 5 5 12 29 17 22 31 20 27 27 49 42 7 10 42 21 51 26 30 45 13 31 33 2 26 29 42 28 21 18 47 5 40 8 1 35 28 48 1 31 30 14 3 28 9 19 1 35 8 1 33 17 10 23 40 25 37
100 2955 0
29 4 11 7 22 26 28 24 25 1 16 24 14 18 28 21 15 23 12 20 9 4 5 14 1 1 18 28 3 1 15 13 13 11 27 21 4 20 22 12 4 10 19 12 8 14 25 21 12 14 14 13 2 27 3 21 18 19 12 28 21 1 13 29 16 15 25 24 1 2 4 22 18 28 26 22 27 2 7 21 14 5 23 24 1 1 17 8 22 17 1 1 24 27 13 1 25 7 28 7
89 9757 3294
64 124 68 110 91 132 105 71 31 48 79 9 96 10 150 143 23 1 20 66 135 78 146 76 18 42 48 100 47 30 138 136 10 92 84 80 79 100 66 66 80 100 94 84 137 50 6 36 114 59 72 120 55 130 24 73 2 137 26 75 22 86 12 17 59 147 58 150 4 107 138 87 47 95 96 66 81 70 61 1 93 43 26 22 138 32 14 30 86
100 7525 1962
30 41 1 34 22 46 23 36 41 39 26 39 32 34 24 35 1 25 28 45 28 25 19 24 15 4 38 38 42 11 24 27 44 1 28 2 37 2 43 17 2 30 36 1 11 10 38 17 38 43 6 23 28 29 3 9 44 21 17 8 18 16 6 16 16 25 34 28 2 39 16 38 25 33 1 37 11 36 4 40 7 13 31 3 22 1 25 21 2 23 26 42 14 19 39 8 13 29 6 40
97 9837 759
105 38 111 45 36 3 31 48 117 154 8 48 66 74 109 6 75 3 73 51 69 48 145 92 8 115 18 70 137 113 92 72 53 101 106 114 25 150 88 145 44 150 55 44 75 66 91 113 36 1 76 74 18 57 81 139 131 108 28 115 34 66 138 137 46 101 126 79 54 145 98 34 19 2 130 18 20 104 12 74 8 3 87 115 4 16 74 145 19 38 64 94 1 68 66 19 20
93 5038 983
10 25 9 21 8 20 19 18 19 11 23 15 19 8 15 11 7 1 12 8 1 9 23 9 15 17 25 23 12 23 19 10 1 5 5 8 19 14 9 12 16 24 17 8 8 1 9 18 11 12 25 21 8 20 1 18 1 6 6 14 19 10 25 17 22 10 8 25 3 1 9 19 7 1 2 1 17 3 1 7 2 21 12 18 25 10 12 18 15 15 8 1 13
96 6952 2910
5 15 17 13 22 15 25 1 18 7 32 35 22 33 21 2 5 29 24 30 33 10 34 29 35 2 32 21 19 6 27 13 19 10 23 10 29 16 2 15 27 35 16 26 31 17 16 4 33 26 3 10 19 13 35 24 20 31 8 32 14 16 34 3 18 8 1 9 1 1 28 26 35 1 11 20 6 10 7 8 29 22 10 21 29 32 19 19 5 27 6 12 11 23 23 20
97 8629 2407
6 5 26 1 6 27 27 4 7 29 5 23 25 26 14 13 4 10 11 25 9 15 2 19 5 14 5 27 7 9 17 17 11 2 6 22 7 13 14 20 2 23 23 12 28 27 16 23 11 15 17 21 1 6 13 29 28 17 28 15 8 2 5 3 22 23 7 9 11 25 21 21 27 16 25 22 27 27 18 13 26 5 12 21 12 9 29 1 28 6 18 4 10 20 18 18 23
94 7564 6249
6 14 7 3 19 15 11 1 12 12 9 13 7 15 4 16 17 14 10 18 10 11 17 3 7 10 11 9 1 17 10 1 17 12 14 17 3 15 16 2 8 16 1 1 16 10 2 15 12 7 9 18 17 2 5 1 8 13 1 13 10 13 10 19 5 3 1 5 8 8 10 10 5 6 13 1 12 8 10 17 3 4 17 6 2 5 7 6 3 15 9 16 9 7
90 4949 0
10 9 31 25 16 10 1 6 14 26 4 7 23 9 23 23 2 35 19 19 17 18 1 25 25 25 23 25 1 26 19 1 8 25 12 8 17 2 15 4 20 30 34 8 19 30 26 18 34 20 2 14 12 30 25 14 6 26 23 22 8 23 28 22 20 34 29 21 25 10 3 23 13 29 2 4 3 18 29 28 15 24 16 11 20 18 5 16 2 8
100 9775 117
20 9 6 24 6 42 13 18 49 48 36 1 32 35 3 38 30 16 33 1 23 51 36 45 34 50 34 35 40 32 24 17 54 11 30 31 20 37 18 33 28 49 15 1 29 8 14 37 36 11 12 1 12 49 25 38 53 35 30 26 46 25 44 4 35 7 32 3 22 16 3 51 14 42 46 7 47 8 29 46 19 26 20 45 3 17 23 50 52 51 53 34 18 39 49 34 18 36 35 30
90 4375 61
39 12 31 47 57 23 68 55 62 37 70 40 43 13 51 48 49 63 59 40 71 71 57 6 60 21 15 44 39 16 42 64 7 32 55 21 29 27 51 69 63 68 50 40 52 16 63 31 57 18 25 66 69 2 42 3 62 25 63 8 68 2 6 41 74 66 68 10 72 4 10 36 25 51 7 10 61 61 14 4 70 46 57 24 71 16 53 45 52 68
95 5791 3076
19 26 41 29 45 19 20 20 9 32 52 16 36 24 45 9 19 1 19 2 14 41 26 2 30 5 38 21 47 41 52 21 50 20 20 1 16 30 5 16 45 27 41 48 39 8 35 40 46 22 7 8 25 34 40 15 10 8 46 34 1 44 44 41 4 43 30 48 16 45 18 32 2 4 3 49 47 21 50 19 13 44 6 34 31 49 1 48 43 29 28 28 27 34 18
89 9689 2731
16 6 13 15 11 1 1 13 15 16 7 11 3 1 15 4 2 12 8 8 11 11 6 1 4 14 10 2 8 15 10 5 9 11 15 13 6 15 13 14 2 3 1 10 2 3 3 1 3 10 11 11 15 9 7 9 7 6 9 7 12 2 2 10 13 5 13 14 4 6 5 3 15 7 1 15 5 9 1 14 15 9 2 8 5 2 6 3 10
88 9825 48
44 19 5 1 36 14 64 61 24 87 79 69 74 51 48 17 103 33 1 57 49 94 7 72 12 96 55 98 97 81 48 31 45 66 106 56 56 91 28 102 20 81 37 15 102 84 36 27 105 102 100 96 50 82 60 86 78 94 46 60 17 102 46 46 22 97 34 24 50 23 84 95 26 1 93 50 89 74 27 100 53 21 86 13 54 101 80 94
90 9378 1085
1 45 114 7 112 125 129 86 113 60 89 67 7 129 47 2 106 15 72 122 14 36 70 105 115 12 136 70 7 76 64 132 102 6 29 68 60 109 87 34 50 126 41 118 38 72 63 113 120 2 92 96 1 80 29 100 125 110 10 66 44 8 38 63 108 70 14 48 80 19 122 110 26 110 81 121 18 109 83 60 9 74 57 53 103 115 40 134 48 93
84 9208 7628
2 5 4 4 2 1 4 3 1 2 1 4 1 4 3 4 2 2 1 4 4 1 4 1 1 4 3 5 3 1 4 4 3 1 1 1 5 1 5 4 1 1 1 2 3 5 3 1 1 2 1 1 1 1 2 5 1 4 3 1 2 3 2 3 5 2 3 2 2 4 1 1 1 3 4 3 2 3 5 1 4 2 5 3
91 8684 1307
9 11 3 11 12 1 1 13 11 11 4 6 10 5 8 13 12 7 5 1 12 9 4 1 8 12 9 5 13 12 6 12 2 4 11 9 10 1 12 9 1 10 8 3 6 13 13 1 11 13 13 3 10 2 1 2 7 13 10 7 7 1 3 3 13 10 1 4 6 4 1 4 9 4 2 9 13 4 3 11 5 9 2 5 11 7 1 3 13 3 1
85 7538 3512
49 2 71 20 21 60 30 62 32 49 37 6 59 63 17 35 70 73 6 80 29 13 67 15 29 17 16 58 64 61 63 21 62 15 2 7 72 80 20 44 71 1 13 16 30 56 53 32 43 63 21 4 44 28 32 69 63 67 61 5 1 60 11 70 58 52 18 62 45 58 49 58 47 76 22 63 34 46 75 47 18 54 52 40 69
94 7147 3690
1 8 1 3 9 15 5 5 2 3 24 14 3 20 16 17 26 24 20 20 5 19 20 6 23 18 5 10 19 24 15 16 19 26 7 8 19 5 13 23 22 22 13 15 25 23 8 16 20 15 11 22 22 9 5 19 8 22 14 7 25 8 9 12 14 7 19 19 1 23 11 7 21 1 20 23 23 25 9 23 10 25 3 23 2 20 16 11 11 4 5 3 21 14
97 8843 1512
43 10 9 39 44 5 10 17 14 24 21 52 50 11 10 60 59 1 17 7 54 54 11 13 39 44 45 51 36 26 50 36 1 35 53 5 40 23 57 20 48 35 4 42 17 32 34 2 6 6 51 16 61 26 52 41 47 55 8 53 50 58 1 6 35 27 29 59 3 40 61 49 18 53 17 24 60 40 61 30 51 10 62 51 54 35 9 43 27 36 10 56 41 44 42 44 35
94 7864 1313
46 11 23 1 29 29 36 22 36 19 6 46 15 27 13 3 38 18 40 6 10 22 28 35 20 42 35 40 2 20 2 47 41 47 21 15 13 43 44 41 37 21 46 21 47 41 6 30 45 28 21 36 28 46 9 17 50 45 30 30 4 32 9 34 37 11 49 46 30 24 36 29 8 33 6 19 20 42 24 21 8 33 22 10 13 43 16 27 22 25 42 12 18 18
100 8556 3253
4 63 47 36 44 35 13 27 26 38 50 25 47 41 102 61 46 61 25 62 24 8 92 98 102 21 31 75 14 26 85 18 98 69 43 60 11 11 31 35 53 50 25 42 69 93 101 12 87 64 93 12 11 3 54 27 99 65 70 56 3 56 7 18 66 68 69 92 77 100 52 64 7 86 105 96 84 6 4 104 93 78 47 9 9 66 38 61 21 67 1 13 26 54 64 39 52 31 9 64
100 5213 0
33 21 33 4 34 21 3 36 38 21 1 6 34 36 9 18 30 25 17 33 20 11 2 14 26 34 12 28 24 2 16 13 35 27 30 17 37 33 35 31 3 14 13 28 28 14 36 36 22 16 11 22 36 19 29 21 31 6 17 8 36 35 19 7 3 18 1 2 1 35 2 4 3 23 1 5 7 1 28 14 20 28 7 24 10 8 21 18 7 20 19 8 28 3 29 18 28 8 5 6
96 8845 172
151 37 42 49 177 127 7 45 49 22 113 134 100 101 114 174 56 71 157 82 70 119 80 79 11 54 185 70 179 114 103 183 180 29 156 8 1 81 18 64 83 67 190 9 152 79 75 109 43 39 5 116 137 187 10 96 63 71 92 66 156 146 113 160 32 72 57 62 22 57 145 174 79 46 105 12 185 149 11 21 81 72 75 133 109 157 46 113 109 166 108 127 12 144 62 11
91 6796 2957
1 7 6 8 8 1 3 6 7 8 2 8 8 6 6 6 7 6 3 4 8 5 4 3 5 1 7 8 1 8 8 5 6 4 4 1 3 6 1 8 4 5 6 2 2 1 4 1 1 6 8 5 5 5 2 1 1 7 3 6 1 1 7 4 4 7 3 1 5 1 6 1 3 2 5 4 4 3 2 8 7 2 7 1 2 2 5 5 3 4 6
97 9948 72
32 160 23 114 187 135 39 126 72 117 79 143 98 193 198 37 187 195 10 192 45 132 150 162 67 54 85 157 35 51 35 123 197 155 51 5 131 111 195 31 179 49 99 1 116 145 46 115 65 29 28 12 177 151 164 116 193 83 109 24 53 46 53 68 15 177 21 175 99 22 68 92 18 192 108 120 98 34 69 139 145 179 48 174 187 95 137 101 127 60 194 48 113 67 122 68 25
87 6686 467
8 4 1 1 4 7 5 7 1 5 1 7 6 4 7 2 6 1 1 1 7 7 3 1 4 3 5 1 1 5 1 2 1 4 7 1 1 4 7 4 1 4 5 5 1 1 3 4 2 1 4 2 8 2 3 5 4 7 4 1 1 2 1 1 4 2 5 5 7 2 5 6 2 1 7 1 7 4 1 5 3 4 4 3 7 2 6
90 9757 578
126 46 39 97 193 31 188 114 115 21 84 6 37 28 142 110 20 157 23 84 112 48 45 82 67 60 30 178 77 105 108 173 191 82 33 183 82 62 131 190 38 3 138 76 78 125 94 187 126 156 156 88 4 50 18 188 83 129 171 63 178 179 24 182 175 15 138 168 89 43 10 30 151 72 155 147 162 167 22 97 39 168 133 115 135 45 125 62 149 51
92 9720 626
109 56 97 114 47 114 115 71 15 15 120 42 62 3 123 12 122 2 108 131 15 12 52 112 46 72 111 123 117 67 128 94 1 83 8 109 48 53 15 71 114 92 63 12 10 120 27 108 100 70 43 73 63 32 41 78 66 79 7 48 132 68 117 96 53 32 64 109 46 53 117 117 120 119 3 6 45 104 122 109 64 30 54 64 69 69 80 60 53 109 83 126
98 9328 388
76 15 75 4 128 128 46 149 79 117 72 22 5 7 142 124 74 124 93 43 11 49 144 145 34 57 84 23 68 116 65 140 43 146 56 29 57 136 63 36 89 19 44 4 53 68 155 114 118 111 109 17 148 2 151 11 82 7 9 9 40 14 64 143 145 33 125 74 23 74 100 120 115 24 41 92 88 72 57 76 85 52 62 36 48 133 56 42 23 120 36 13 76 148 7 147 108 112
90 7860 0
1 45 61 71 34 57 44 9 77 6 53 68 76 21 34 71 78 31 53 19 65 30 44 36 79 42 35 72 44 24 28 30 30 28 15 55 52 72 37 81 47 69 9 73 19 80 62 33 3 50 47 65 10 64 1 38 16 51 51 43 59 35 42 51 30 31 71 24 6 32 22 58 29 56 29 51 11 55 57 25 19 1 14 41 1 63 8 68 24 83
88 9463 566
25 61 69 12 59 60 27 29 38 79 13 65 71 20 71 73 61 44 25 53 61 33 58 77 60 1 12 68 47 63 18 12 83 66 32 27 61 63 70 31 82 53 63 43 45 47 70 47 81 43 14 26 3 81 72 24 51 67 63 73 59 66 9 1 72 42 55 65 72 53 80 4 45 49 5 51 67 35 62 68 62 10 22 1 53 27 45 58
92 9250 549
128 50 73 3 160 68 173 114 22 143 22 29 31 22 53 111 167 20 20 70 169 63 25 49 13 130 68 154 41 87 23 125 14 49 152 6 137 17 91 84 180 150 91 56 42 166 145 63 49 57 58 112 159 60 163 164 91 173 119 81 69 10 109 76 85 7 134 68 175 158 23 13 90 182 115 128 134 127 63 60 139 6 131 41 117 131 152 146 182 137 83 6
99 9924 203
147 47 94 19 44 5 90 92 75 85 81 138 42 139 118 86 23 19 78 135 16 83 161 155 132 18 123 24 74 142 97 31 58 164 143 95 167 121 58 67 160 52 50 127 89 55 70 140 25 38 156 150 10 132 140 106 7 58 146 119 23 83 66 139 29 86 90 158 112 150 117 118 61 26 149 119 59 9 126 1 101 46 28 62 161 42 86 82 5 74 26 10 37 99 111 13 6 18 133
91 8434 436
116 45 108 112 78 80 113 134 36 32 32 40 95 1 22 56 47 138 133 67 49 43 32 136 69 69 73 23 68 25 63 84 79 14 136 71 123 10 21 75 131 112 110 82 25 59 27 90 121 136 102 78 36 105 100 1 61 77 140 12 116 78 107 86 104 65 53 14 66 70 20 70 143 99 72 6 102 22 127 106 24 53 42 70 93 135 75 76 86 51 15
87 9944 3685
1 52 37 20 30 49 54 53 37 40 30 63 58 45 8 56 46 58 46 49 64 8 1 1 29 49 63 41 53 7 43 64 30 35 33 3 42 42 35 30 28 8 46 48 61 63 64 15 21 18 64 43 3 41 18 27 55 64 62 3 50 52 30 57 2 38 56 41 59 19 34 11 61 29 20 39 7 33 57 27 46 9 12 52 17 11 58
98 9885 56
45 48 25 65 127 103 55 124 125 98 116 106 101 108 48 168 9 104 81 6 58 160 155 38 122 95 149 134 147 114 174 57 59 3 87 184 153 130 100 121 145 118 146 75 103 190 15 69 70 13 105 120 181 42 51 36 61 76 85 77 144 5 95 169 90 1 31 164 130 9 160 62 73 196 14 168 137 118 162 92 146 92 14 73 125 148 48 137 15 161 164 172 21 140 159 136 30 1
90 7381 40
97 91 56 65 15 77 64 25 140 142 127 115 109 60 104 87 34 131 139 50 50 33 55 29 60 71 75 116 108 95 40 141 4 2 92 1 109 131 65 47 105 42 137 137 41 46 114 130 83 25 9 26 139 39 134 130 84 133 102 101 132 75 31 67 106 26 85 44 99 1 37 9 71 126 95 20 39 84 108 20 17 63 80 5 1 45 129 35 6 58
88 8826 463
96 1 108 120 37 91 27 75 106 65 1 89 11 4 59 117 93 36 56 19 12 1 3 6 27 63 3 3 27 102 103 72 69 33 70 39 12 36 2 64 92 94 73 18 36 2 66 41 70 105 76 103 3 66 77 38 104 115 108 95 35 59 53 61 2 95 11 83 64 12 33 26 83 97 10 84 46 48 41 4 67 5 70 59 68 116 12 104
90 9633 57
204 58 19 43 139 30 15 116 12 146 153 146 224 124 190 124 222 128 126 35 92 146 52 72 169 25 124 35 213 209 90 68 118 187 51 106 64 165 67 54 222 215 130 20 110 17 124 59 205 131 218 162 138 22 211 185 148 211 98 185 19 64 208 9 110 45 216 150 104 74 78 56 54 11 85 184 70 35 4 106 23 3 30 171 210 41 140 33 35 35
91 9681 76
8 60 91 88 172 87 138 146 94 138 157 166 148 140 183 167 7 26 163 132 135 177 73 111 161 100 145 155 71 192 18 72 148 29 182 2 39 101 146 106 68 91 163 192 188 130 189 132 1 190 59 94 33 13 184 111 78 56 57 192 8 112 17 185 43 186 1 32 5 71 101 81 158 156 76 59 89 176 25 126 11 185 150 70 76 55 55 119 138 139 124
93 9679 468
14 106 23 147 93 164 96 45 81 72 36 143 138 3 28 57 72 135 164 148 109 140 78 150 97 44 154 78 166 83 54 94 160 98 26 63 23 22 125 60 21 77 154 155 157 106 98 152 125 94 91 157 8 166 163 143 141 9 61 14 134 144 154 95 98 124 108 97 78 107 39 166 103 105 59 56 161 146 1 148 147 38 55 106 85 90 28 165 139 133 151 33 6
96 9878 415
29 44 63 120 40 62 53 80 18 16 31 53 61 63 49 20 22 35 59 29 6 48 6 82 93 43 108 40 1 116 3 106 28 56 85 3 26 122 90 104 124 109 41 41 62 75 21 40 15 83 60 18 71 11 19 84 7 38 30 13 81 106 13 3 122 59 81 86 89 56 101 113 6 35 110 54 1 116 29 73 72 54 75 5 111 2 71 67 120 47 102 40 45 93 48 74
91 7855 1478
72 7 46 100 8 33 53 74 35 101 105 40 15 8 23 82 24 17 101 38 18 70 3 13 19 105 10 61 60 95 88 22 36 51 22 9 18 33 85 49 34 72 80 73 13 32 42 29 56 68 45 99 22 73 4 14 88 92 64 86 87 55 69 78 15 102 59 37 46 35 33 24 83 37 91 6 109 66 54 1 91 4 52 74 85 93 79 71 62 2 104
95 8303 334
56 30 127 115 98 7 90 118 7 22 96 30 86 39 127 66 95 26 25 11 75 93 22 34 56 124 14 112 34 79 107 53 7 72 22 11 88 127 61 51 125 40 128 106 116 27 61 34 104 102 129 52 19 126 39 18 54 51 23 1 34 101 88 31 52 35 63 33 50 33 79 51 85 22 84 79 32 44 31 122 4 115 13 77 93 114 45 59 7 109 37 28 21 30 50
88 9658 1934
133 170 28 68 149 29 34 15 37 12 14 162 164 119 41 86 136 51 6 37 32 77 48 83 38 88 163 84 193 82 78 14 148 75 177 127 68 54 112 77 5 159 119 53 175 57 46 46 48 39 126 61 155 15 176 23 57 102 162 192 78 80 159 1 44 63 93 166 64 63 60 6 27 44 138 74 140 105 162 52 99 74 76 145 100 24 122 169
95 9459 4235
16 10 50 16 64 49 68 55 28 4 37 22 15 54 7 3 49 3 17 46 40 55 4 3 48 22 67 11 13 46 65 59 33 59 27 60 60 34 38 46 19 29 45 52 3 32 54 1 68 62 36 55 1 29 29 62 7 28 43 18 1 1 18 61 50 34 54 30 29 58 25 27 50 30 68 44 8 1 7 36 36 67 37 12 49 55 13 9 7 22 4 21 20 10 59
98 9998 187
172 15 162 155 16 66 42 36 123 70 138 27 181 33 154 118 70 45 73 48 164 105 76 151 103 177 94 144 68 28 38 114 31 68 66 42 125 14 95 132 44 96 78 10 145 20 75 118 83 61 80 62 27 80 71 2 119 54 181 155 87 146 118 111 73 172 99 72 59 109 127 31 182 177 8 136 156 5 108 95 134 157 102 40 7 181 72 32 92 8 83 111 5 123 161 53 163 112
91 9809 1416
64 119 55 9 102 121 50 10 135 137 79 69 138 111 143 135 43 75 131 41 72 73 78 34 66 91 19 93 133 21 136 137 47 9 114 42 59 106 54 142 81 159 153 136 29 110 55 12 14 47 63 118 35 32 118 81 38 15 137 71 26 66 115 160 135 163 71 95 132 69 61 132 25 17 74 46 134 61 41 1 88 60 63 145 45 42 44 21 151 150 120
99 9563 1367
85 9 77 88 44 53 106 100 63 29 14 65 56 84 115 13 82 19 87 76 45 58 113 75 102 50 72 111 109 117 73 76 19 113 56 36 93 89 70 73 26 44 65 105 50 74 40 84 106 4 77 87 97 116 102 79 42 43 114 14 17 106 6 1 98 115 43 24 10 28 1 67 3 31 95 67 57 51 5 93 65 39 110 55 24 5 115 98 83 70 54 69 117 77 59 90 29 84 31
91 9967 221
116 87 64 172 9 176 105 84 31 108 185 148 107 191 144 171 159 24 175 38 42 107 54 99 89 176 63 40 73 184 82 156 97 11 111 134 190 28 116 136 29 180 29 11 171 124 11 8 91 157 187 72 65 80 135 59 124 28 184 101 175 149 179 48 103 145 105 87 82 55 132 80 191 111 72 40 9 157 129 72 93 122 195 121 118 95 158 123 155 30 100
98 9687 752
111 119 71 152 46 125 91 9 90 63 25 81 84 5 5 85 124 177 87 166 110 101 126 178 27 56 163 86 129 10 108 9 23 89 34 101 142 165 104 29 162 23 160 66 16 108 79 26 37 83 58 58 167 150 44 128 118 109 97 100 48 34 20 14 30 129 157 104 100 97 177 13 30 20 69 5 90 124 85 87 79 18 128 71 47 24 98 100 154 7 10 159 18 140 87 52 91 37
90 9999 54
99 177 114 25 167 111 107 153 105 66 56 127 64 190 94 78 209 102 79 78 125 72 22 183 175 164 165 108 29 92 27 81 183 174 85 201 19 207 85 30 21 95 186 60 178 209 45 207 13 129 59 155 48 55 184 125 201 118 101 85 190 176 154 124 92 127 143 5 128 139 107 54 100 171 177 7 76 40 152 101 142 76 16 51 96 91 46 108 87 149
93 8747 1056
109 15 42 85 103 100 22 106 22 103 90 56 26 113 116 30 34 57 120 69 17 105 38 117 67 99 110 117 46 64 48 45 104 55 99 74 3 1 45 16 98 21 9 94 64 9 106 91 79 40 61 108 113 94 108 72 18 21 28 106 90 106 114 114 72 62 77 32 31 8 77 35 111 46 45 21 87 96 17 79 112 63 17 2 113 78 100 21 79 39 89 107 80
91 9539 0
158 154 133 20 55 51 89 43 134 125 32 40 28 167 17 127 54 37 8 3 144 80 127 17 146 45 39 25 8 49 167 73 6 131 100 145 151 160 75 61 93 147 168 150 120 124 133 6 77 75 84 97 72 118 6 39 95 157 148 139 74 74 22 27 7 23 167 136 81 14 152 41 146 7 83 156 97 105 108 154 102 119 14 74 110 46 162 165 14 67 41
91 9025 220
67 41 121 9 79 28 104 112 66 50 164 32 5 92 39 109 40 32 58 106 171 22 138 142 33 27 145 10 20 99 11 147 59 75 85 140 165 62 12 37 26 137 83 11 48 111 82 142 67 76 29 150 150 147 119 98 136 150 116 30 44 115 68 106 94 44 64 170 11 103 5 104 70 113 57 152 34 6 97 68 16 73 169 53 7 24 2 149 129 1 135
100 9981 5
93 127 116 88 30 78 92 41 43 26 110 103 29 11 74 37 21 12 27 19 5 88 69 109 41 22 67 115 69 124 47 26 13 118 29 90 1 98 84 112 26 75 98 26 78 56 117 7 48 97 45 19 87 57 95 105 25 42 8 69 25 127 32 98 6 79 50 96 77 86 125 1 62 86 108 121 104 99 73 38 34 102 84 126 8 125 82 114 7 124 109 125 97 2 115 28 80 71 1 115
99 8496 1504
50 104 67 64 103 50 69 107 35 34 1 78 25 37 46 74 9 39 52 84 24 13 45 115 10 21 73 62 55 70 33 43 2 88 75 103 104 95 9 82 109 49 83 73 109 111 21 55 19 115 32 84 103 114 59 86 60 109 112 79 102 20 90 76 52 88 104 71 76 74 101 93 105 107 104 23 91 78 25 56 35 39 81 105 26 55 29 57 114 56 34 72 95 53 110 11 8 73 22
91 9976 32
99 70 142 92 97 127 18 45 133 133 3 140 122 110 135 89 46 104 35 140 131 70 130 26 88 103 76 46 84 6 128 62 1 14 129 41 58 71 18 134 143 127 68 137 1 27 85 125 50 50 112 26 133 125 43 5 95 120 115 126 35 114 121 67 13 56 40 89 90 114 120 78 137 119 139 135 110 49 27 134 13 119 29 137 126 65 63 61 81 34 106
90 9648 100
158 211 209 101 40 44 15 57 203 126 126 221 112 13 22 128 142 78 170 225 57 79 195 56 86 197 40 60 180 147 131 121 99 173 163 55 65 41 211 95 25 149 204 207 55 144 53 71 193 20 53 199 122 25 83 110 177 73 88 103 5 10 39 47 210 11 119 43 97 97 112 61 158 94 86 222 33 184 15 13 151 166 97 4 21 201 39 39 141 204
92 8805 560
57 112 10 74 116 21 144 55 54 4 14 118 29 89 3 79 86 24 90 80 96 79 70 52 84 138 59 145 44 94 67 63 51 102 47 76 120 5 94 8 80 120 44 39 117 42 65 110 63 136 120 38 133 7 70 90 60 110 55 65 92 39 64 56 106 99 130 71 60 121 62 83 112 42 110 119 119 140 113 46 61 21 142 91 106 2 15 25 120 53 51 2
99 9943 54
42 52 22 102 145 151 135 31 46 43 86 133 13 1 107 149 43 123 107 49 115 189 34 47 141 12 183 126 52 149 168 57 100 160 67 30 59 125 43 140 35 153 124 150 195 44 95 180 176 198 168 87 169 184 5 93 1 108 160 14 153 146 169 101 71 64 154 9 54 107 61 181 70 13 5 109 166 100 47 163 42 92 1 98 179 99 121 200 136 143 107 186 16 118 81 8 51 23 167
91 9970 1183
30 40 62 141 16 26 110 37 50 137 7 121 104 142 114 148 92 8 6 20 5 23 4 83 136 113 66 140 81 82 81 49 144 104 150 37 33 98 30 3 96 141 143 100 104 51 89 73 57 127 124 10 11 3 64 121 12 7 150 78 47 148 101 116 73 47 130 121 148 134 56 26 79 141 92 76 58 143 149 102 128 107 99 69 70 81 25 107 63 40 154
92 9508 565
114 112 7 117 20 94 83 178 67 128 125 57 73 20 172 140 60 65 51 26 54 54 163 4 73 121 57 58 26 85 67 159 134 4 35 119 42 170 88 77 55 23 42 59 1 90 86 177 37 97 180 143 79 159 63 64 125 84 170 144 136 162 144 144 64 139 62 66 28 2 26 86 165 157 107 101 19 26 164 178 148 52 44 117 52 36 114 117 114 68 30 139
90 9859 79
174 3 122 175 197 2 35 182 103 187 125 63 12 198 159 154 184 146 28 3 24 155 31 132 28 37 86 62 12 94 147 176 61 165 193 22 95 146 118 107 17 173 113 159 77 13 101 57 78 100 43 129 89 127 157 5 179 159 156 110 74 69 134 13 29 77 77 171 52 69 145 188 169 87 82 174 72 98 67 24 188 82 195 144 71 52 76 29 145 145
90 9967 73
111 104 130 7 143 162 17 153 88 139 95 24 120 151 162 176 27 62 166 173 110 110 122 13 13 147 132 74 165 70 29 167 80 50 121 18 105 97 154 6 178 132 55 127 5 166 12 7 150 47 166 135 136 22 59 68 142 135 58 167 49 47 112 178 126 53 120 12 43 131 47 46 23 70 117 40 101 44 149 64 165 161 76 93 61 131 131 2 87 58
97 9999 158
161 64 58 88 168 2 132 48 86 66 3 8 44 101 2 70 52 69 182 10 127 46 120 152 183 170 129 112 30 3 8 42 77 139 66 59 14 76 126 25 186 34 145 57 28 187 107 71 11 85 38 12 142 120 116 123 16 131 16 142 123 43 134 78 108 105 180 12 119 8 78 144 114 5 50 57 180 80 133 51 56 160 114 103 147 54 130 154 103 30 55 177 29 58 132 120 10
95 9269 665
70 56 93 49 141 44 30 63 114 48 136 59 83 29 109 98 146 77 40 52 115 62 109 86 73 1 33 80 53 139 136 147 37 109 125 26 66 70 67 145 125 27 149 73 20 48 31 111 79 58 99 108 35 146 12 52 74 103 37 62 135 129 1 143 18 132 39 124 68 12 146 23 102 35 147 44 79 99 51 130 92 115 92 148 115 68 109 37 6 9 62 129 137 73 45
94 9577 155
58 5 78 111 43 95 142 27 1 130 153 86 157 56 12 71 124 91 170 155 71 176 5 29 173 133 20 115 112 122 33 9 133 70 22 17 177 56 180 64 146 29 29 37 134 163 148 48 160 49 149 75 112 171 149 153 9 44 105 106 121 134 50 85 151 104 37 157 29 60 172 85 174 158 164 170 80 63 153 52 170 48 66 165 66 85 121 148 125 123 138 130 7 114
92 8663 1348
3 1 54 39 4 146 125 129 93 71 66 128 119 6 68 58 23 26 78 39 84 59 82 142 19 26 56 42 137 91 123 72 4 141 1 65 83 106 63 44 71 75 67 135 112 68 63 140 4 115 124 70 131 5 41 126 9 6 45 126 24 99 111 138 50 137 97 33 39 61 91 41 96 86 99 81 94 96 35 107 68 57 90 79 102 143 97 7 97 54 21 3
92 9871 1416
15 116 130 66 116 11 31 75 77 153 11 23 45 7 140 169 141 123 152 136 31 108 144 63 87 18 154 78 8 138 49 149 134 5 62 182 74 120 1 37 42 164 25 141 62 162 7 98 128 68 163 174 181 121 135 24 126 107 33 180 74 114 158 78 152 79 102 180 53 173 140 180 145 18 41 35 144 71 36 15 47 42 117 173 132 112 89 7 10 15 51 113
96 8502 1086
37 6 51 51 50 102 18 37 7 29 58 109 77 110 35 91 8 57 41 38 31 52 86 85 84 25 74 22 101 13 52 87 91 99 100 101 80 57 50 69 45 25 82 47 23 74 66 6 100 106 85 102 101 99 75 97 16 68 107 1 42 42 19 86 40 58 101 15 1 87 60 60 67 99 109 30 82 4 60 106 11 94 67 29 46 15 16 56 53 58 36 28 41 80 51 42
91 9887 167
92 183 92 115 129 41 23 144 128 116 125 104 39 171 98 109 182 16 161 119 176 25 144 24 143 75 118 51 192 164 139 26 66 36 29 89 146 110 6 99 56 101 145 116 177 98 35 14 92 167 128 47 154 173 11 145 42 123 10 35 23 22 112 14 193 9 156 115 66 122 62 165 160 147 172 80 128 126 70 144 189 143 138 163 31 193 28 60 178 121 156
92 9795 58
137 157 135 126 124 1 155 50 70 111 109 145 84 161 55 30 103 2 19 144 138 87 119 45 25 27 122 1 162 48 96 173 90 134 6 95 149 107 104 99 3 118 59 58 30 66 105 85 67 5 103 154 132 31 20 79 157 116 17 12 55 133 157 127 169 133 11 157 90 9 170 139 79 38 66 55 167 34 44 115 105 154 96 8 128 1 69 118 145 23 27 66
100 9957 6
115 103 156 56 110 133 171 82 158 122 12 147 35 157 40 5 54 138 104 41 161 125 143 31 45 46 75 121 139 25 188 65 101 47 149 25 29 111 124 140 107 108 179 119 7 158 35 116 159 131 44 87 37 160 127 47 118 183 169 145 103 149 177 1 124 122 41 31 65 145 3 115 64 169 171 15 83 168 47 150 82 181 111 145 140 150 52 106 42 61 78 126 147 12 20 170 24 33 94 157
98 9696 981
54 100 163 55 77 83 79 59 160 56 14 112 44 107 44 16 89 143 59 166 81 13 170 154 161 52 78 79 1 36 112 33 127 130 167 61 125 154 39 166 19 13 49 26 13 59 25 107 23 46 154 9 87 142 163 157 60 26 3 51 116 149 133 7 161 56 91 105 144 67 56 126 151 10 71 45 115 53 37 105 90 68 141 4 87 163 77 168 131 115 106 107 150 82 45 31 167 76
96 9990 34
48 35 94 196 108 75 23 27 131 114 178 113 187 16 101 112 21 206 116 188 181 47 57 189 98 34 92 9 39 122 89 182 13 120 153 188 197 31 132 187 72 148 98 162 106 76 26 142 92 46 200 199 22 18 170 204 25 32 134 32 61 99 51 33 17 22 50 94 198 106 188 155 155 16 95 166 168 57 151 134 203 66 46 2 196 79 70 105 175 177 172 55 15 80 26 166
93 9942 29
135 15 58 160 86 168 148 27 81 134 23 106 172 100 132 82 86 162 70 119 125 148 114 148 138 1 141 62 147 40 126 32 38 80 101 46 155 73 156 20 67 98 91 55 145 147 41 152 61 108 117 149 6 71 126 20 29 73 34 15 154 121 95 8 176 79 13 124 29 1 27 61 103 71 87 68 123 35 105 94 82 81 169 66 72 67 148 16 82 28 143 44 137
95 9853 132
169 89 202 158 128 18 48 47 170 9 137 74 122 153 146 138 158 98 130 35 120 139 182 170 159 139 62 188 36 37 187 40 29 41 118 57 178 185 173 195 45 28 187 14 83 128 13 162 3 104 68 86 4 93 124 144 31 42 74 55 179 138 163 79 74 116 3 36 148 121 10 50 99 179 200 85 139 138 113 146 152 207 31 86 117 105 32 141 183 14 15 8 157 11 79
91 9713 32
171 128 161 28 40 56 67 65 3 10 22 71 157 129 146 128 142 111 35 6 172 151 98 98 76 167 171 84 68 102 124 70 160 176 47 70 139 153 111 64 151 179 128 162 76 177 147 134 159 80 96 120 110 24 115 77 177 83 41 117 112 63 145 87 138 119 140 148 23 109 90 166 25 103 12 31 106 132 49 53 83 61 123 163 144 5 72 117 43 129 70
95 9440 92
119 56 10 77 163 103 85 59 52 115 142 165 90 167 6 8 159 128 99 129 122 162 15 135 146 50 99 112 14 138 134 161 90 34 123 112 60 157 71 24 21 74 136 1 123 100 46 122 154 119 57 9 59 71 115 50 133 108 27 82 9 169 30 53 43 59 161 171 146 135 65 139 87 52 103 40 156 84 90 73 83 78 76 20 6 13 143 70 12 87 112 108 111 104 157
