50
10 1
20 2
30 3
40 5
50 7
820752790 77
614742870 80
843001789 155
988034640 37
50894145 38
127867602 162
618540115 152
746314113 81
264365244 72
238953657 67
882939969 147
595634747 87
660014190 113
809199514 37
507037416 169
300337605 40
431997664 38
616984731 27
694448441 39
509683980 173
920583775 96
958840085 77
164796705 124
277624005 65
813335739 75
876120818 604
411402341 883
92577857 692
264830420 482
374396848 651
159986194 8642
69570775 5416
648592669 4944
495067690 9359
591907390 7699
642012664 59838
945771429 71701
622086713 90133
850220548 38507
253330434 48529
739082693 378177523
898332041 794055345
787747204 120128535
931391113 718315710
66551637 240478109
