100
10
94 38 62 283
-67 51 167 252
93 -50 136 213
-56 -12 100 259
38 84 116 273
-18 -34 10 1507
-27 -63 44 113
13 69 203 228
-50 -24 119 180
9 23 143 196
10
52 -76 439 504
-87 89 125 131
-95 -83 85 128
47 -8 25 112
-45 13 246 293
30 22 23 100
13 -64 22 1379
8 -90 11 92
-79 -91 136 205
-14 31 3950 3951
20
-10 3 271 358
-6 0 5 169
-8 -6 50 177
9 1 207 257
3 8 37 303
5 6 57 64
1 -6 235 332
2 1 3 6322
-6 -6 96 247
9 -6 365 447
-1 2 23 290
0 7 371 433
7 3 5 71
0 -2 86 235
2 -9 133 227
-3 -10 28 95
5 2 19 174
-3 -6 59 168
-4 -8 32 621
-7 -6 56 275
20
2 -2 296 317
0 -1 3 326
3 5 330 359
1 1 76 169
-4 2 64 509
-1 2 104 287
0 3 43 99
-1 0 159 220
2 5 251 259
-5 -3 55 67
-5 -2 11 116
5 -3 93 100
-3 -4 14 41
-2 -1 289 291
0 5 79 224
3 -3 236 285
0 1 61 117
1 -1 26 67
-1 -3 595 619
2 -5 10 129
20
3 -3 363 421
3 5 212 285
2 2 128 185
5 -1 107 118
2 1 3 121
-1 -2 143 185
-1 0 64 159
-2 5 51 506
1 -5 44 357
0 4 42 163
-2 -1 242 273
-3 2 56 295
-2 3 23 164
0 0 185 342
5 1 91 277
4 -5 17 268
3 -1 80 359
-4 -2 133 263
-1 5 3 73
-3 -1 17 407
20
5 2 43 697
1 -2 371 447
3 2 136 173
5 5 55 478
4 -4 314 337
-3 2 164 263
-2 -4 71 164
2 -2 15 293
3 4 243 295
0 -2 141 157
-5 -4 53 104
-3 5 93 203
0 -5 6 95
0 4 1007 1020
5 1 118 123
0 -1 135 166
4 -2 238 261
4 5 129 214
1 3 197 329
-1 2 20 71
20
0 3 168 239
1 -4 3 317
-4 1 235 268
3 0 46 187
4 -2 5 308
-1 -5 281 376
4 -3 185 211
-4 -5 45 541
0 5 421 444
0 2 53 205
5 0 225 242
3 -2 106 193
3 4 20 97
4 2 7 129
-3 -2 87 151
-2 -4 144 233
1 -5 127 263
-2 1 79 166
4 5 41 52
5 -5 29 211
20
5 -2 131 216
-1 -2 147 278
-3 3 191 244
3 -1 139 258
-5 -4 30 283
-3 4 133 264
4 -4 48 211
-4 -5 28 87
-2 2 154 331
4 5 114 173
-4 -3 103 241
1 5 159 299
-2 4 304 359
-3 2 136 155
-4 -2 29 185
-1 5 1 317
-5 4 21 170
-5 -5 395 437
-2 3 138 233
-2 5 137 149
20
5 -4 63 293
3 -5 30 77
3 1 23 231
5 1 33 208
-1 4 141 187
4 -3 340 363
2 4 157 197
1 -5 327 332
-3 -5 187 197
3 0 13 50
-1 -4 3 44
5 2 145 228
-2 -4 176 301
4 -2 74 381
1 -2 88 91
4 3 97 336
-1 0 143 150
-5 -3 107 259
-4 0 6 437
-5 -2 133 295
20
1 3 111 283
0 2 73 221
2 2 127 156
5 -5 149 183
0 -2 331 398
-4 0 93 238
3 -2 65 206
-3 -5 212 273
-3 5 286 293
-3 -1 92 177
1 -2 23 183
4 4 23 188
1 -1 77 235
-2 4 123 149
-4 -3 100 181
3 3 81 89
-1 2 113 327
2 -5 34 261
5 2 120 137
-3 4 23 63
20
1 -4 5 42
2 2 461 476
5 1 209 316
-2 -1 75 212
-3 3 471 496
-1 4 26 263
-5 2 137 186
4 -4 301 304
-3 5 119 179
-4 2 134 203
3 -2 67 241
4 3 91 226
-5 3 167 192
0 -3 14 291
1 1 131 185
-4 3 645 646
-5 4 293 372
4 -1 1 77
0 3 429 439
-5 5 47 80
20
3 5 89 336
-2 -3 529 562
1 -1 20 33
-3 3 109 129
5 5 79 208
-4 2 62 135
0 0 257 262
-4 5 233 268
-1 -1 19 130
-2 1 105 268
-4 -4 3 182
4 -1 55 234
-5 -2 11 52
5 -4 12 127
3 3 147 200
-5 5 139 213
0 -2 4 157
2 -3 86 203
-3 1 3 1976
-5 2 9 679
20
0 2 77 157
3 -1 317 333
5 -4 245 261
-5 4 6 169
-4 5 92 171
4 -4 197 204
5 4 139 263
3 -5 62 303
5 -1 51 218
1 2 114 181
1 3 45 52
-5 5 77 123
-5 -4 389 453
-3 -1 144 221
1 -4 164 319
3 -3 33 137
-3 -4 22 139
3 5 132 277
3 3 13 635
-5 0 41 50
20
4 -5 113 172
-2 5 101 331
4 -2 271 295
5 3 353 358
5 -5 18 161
-4 1 1 108
3 -2 59 252
5 1 66 227
4 1 5 648
2 -2 52 309
0 1 23 492
2 4 55 361
-2 0 27 106
-4 -3 187 202
-5 -4 43 710
-2 3 17 254
-5 3 97 127
-3 -1 101 140
-1 2 38 347
-4 -4 74 453
20
-1 -5 5 78
2 1 121 309
1 0 221 300
0 5 44 97
2 -3 40 187
-1 1 106 205
5 4 87 107
-5 0 137 186
-1 2 125 281
-1 0 108 197
0 1 323 364
0 0 18 199
-4 -4 151 164
-5 2 12 133
5 0 41 220
-5 1 54 239
-4 4 117 145
-4 -2 37 129
-3 0 34 489
0 -3 233 306
20
-4 -2 247 354
2 3 163 225
-1 1 340 359
2 -2 41 165
1 -5 271 293
1 -3 172 287
-5 -5 41 154
-3 -3 64 219
1 5 223 263
-2 1 165 166
4 -2 21 61
1 3 269 358
4 4 61 278
-3 4 40 69
-4 -4 166 229
0 3 1127 1144
1 -1 171 287
4 -4 64 309
5 3 109 339
3 1 183 275
20
-3 1 112 157
1 -4 56 227
4 -5 103 175
5 4 185 273
2 -2 16 447
-1 -5 131 216
-4 2 151 154
4 0 10 141
3 4 221 244
5 3 333 380
4 -3 11 183
-5 4 58 59
1 -2 10 221
0 -1 74 271
5 5 109 160
-1 -4 33 457
-5 2 16 131
-3 5 55 481
-1 -3 74 131
0 -4 40 151
20
-1 -1 2873 2875
2 2 5 261
-1 0 139 141
-2 4 106 269
4 -2 133 246
-1 1 117 170
-2 -3 77 144
2 -3 146 275
0 -5 247 295
3 -1 85 198
-2 -2 110 127
-3 5 195 257
-2 1 111 305
1 5 84 95
-5 3 95 378
5 2 149 226
0 5 43 266
-4 0 3 56
-5 2 237 280
-5 4 115 244
20
1 -2 183 200
-2 -1 16 117
-3 1 63 155
-2 3 336 359
-4 2 141 251
-3 -5 82 211
0 -5 94 151
-1 3 118 247
2 1 18 103
4 4 29 194
2 3 107 273
4 0 454 485
-5 4 10 349
-1 5 211 250
-5 -3 250 273
1 4 68 167
4 -1 269 285
3 2 388 409
3 -4 12 385
-1 -5 111 229
20
-5 -1 83 100
4 -1 234 239
1 1 79 220
-2 -3 326 417
0 2 114 337
-4 3 19 216
-4 2 41 673
-4 -2 59 132
5 -4 35 243
4 5 75 133
3 -5 9 56
1 0 167 249
-1 3 11 1379
4 0 106 143
4 -4 149 204
-3 -1 90 263
1 -3 1 34
2 5 357 383
2 -1 16 185
3 0 37 126
20
1 -1 156 251
5 0 57 259
2 -4 87 155
-4 -5 83 224
-3 -1 15 107
-3 2 339 379
-5 -3 66 85
-1 -3 107 189
-3 5 43 131
1 -3 123 190
0 -5 30 143
-4 3 19 184
-1 -2 57 161
0 3 332 377
5 -5 329 352
4 -4 162 175
-1 4 83 401
-2 -2 19 25
1 3 278 357
-3 0 127 203
20
2 0 291 362
-5 -2 362 427
-4 1 101 327
-2 1 23 58
2 3 65 183
5 3 125 159
4 5 43 512
2 2 68 383
3 -2 88 171
4 0 113 256
-5 5 31 151
5 5 140 263
-4 -4 67 196
-1 4 37 338
0 5 49 177
3 1 199 288
-2 -5 233 288
-4 -5 8 43
3 -3 10 309
-3 -2 4 673
20
-1 4 20 157
-5 0 97 113
-4 -2 13 71
2 -2 137 145
-5 4 13 1020
-4 5 155 226
-5 3 137 225
5 3 4 201
-4 -5 120 253
-1 -5 22 61
-2 5 1 72
-5 -2 474 505
3 3 23 227
-3 -2 54 191
-5 -5 62 283
-2 4 221 244
2 2 30 41
-3 1 41 170
-1 2 63 256
5 1 27 271
20
-5 0 55 478
-4 3 211 238
-3 -5 57 148
-2 -4 67 180
3 1 197 255
0 -3 202 211
1 2 115 196
-2 1 134 171
0 5 135 244
2 -4 97 191
-4 4 16 147
-4 2 33 167
-2 4 328 381
-1 -4 120 223
1 1 13 541
3 0 200 219
-1 1 31 184
5 -2 157 203
-5 4 64 201
1 -1 267 347
20
0 -5 55 262
-2 2 103 274
5 -2 243 298
0 3 47 189
5 -4 197 322
-4 1 2 167
-4 0 44 205
5 4 67 159
-4 -2 89 216
-2 3 22 83
-5 -1 18 233
-1 -3 61 292
-1 5 30 91
2 1 17 244
-2 4 65 186
0 -3 325 336
0 4 572 593
-3 5 36 229
5 1 79 202
4 -1 97 363
20
-5 0 149 262
3 1 395 461
5 -4 37 453
3 4 168 187
-1 -1 93 104
0 -5 100 227
-4 2 632 663
0 3 21 25
-4 -1 1 43
-3 -1 143 179
1 4 72 119
-1 5 41 156
-2 0 61 332
4 -3 323 396
1 -1 1436 1437
-4 0 36 325
4 4 107 203
1 0 45 316
3 5 101 287
-2 3 41 470
20
-5 -1 66 413
4 -4 179 270
1 0 85 232
3 5 25 259
1 -5 24 925
3 -2 44 269
3 4 79 82
1 2 61 149
-5 2 84 169
-3 -4 185 211
-4 5 142 173
-1 0 269 307
-2 -2 16 1377
-4 -4 11 283
1 -2 178 293
0 5 196 205
-3 5 18 23
0 0 247 281
5 0 115 239
4 4 79 132
20
5 -5 225 277
0 0 73 172
1 0 236 349
3 -4 44 409
2 4 901 909
-1 2 185 241
1 -4 29 98
3 -3 25 298
1 4 341 398
-1 -1 74 445
-1 0 37 718
2 2 97 120
-3 -4 6 521
-2 -2 329 374
-5 2 121 248
-1 3 103 354
3 2 164 169
-3 1 292 375
5 1 49 233
2 -3 75 92
20
4 -5 19 753
5 5 36 409
-3 1 394 441
3 3 47 261
-4 0 40 189
1 -5 20 101
2 -2 17 260
-4 -1 59 400
-1 3 5 384
-5 1 20 309
1 -4 120 287
2 -3 199 257
1 2 35 184
4 -1 82 173
-2 5 1429 1442
-2 0 329 417
0 1 241 366
-5 2 76 227
0 5 23 227
0 -1 107 180
20
0 -3 453 463
-2 -4 52 73
-3 5 121 298
-5 -1 71 177
0 5 115 246
0 3 117 188
2 -1 159 191
-5 -5 83 116
4 4 181 205
-1 1 82 149
1 1 103 245
3 1 90 223
5 -5 105 121
1 4 101 218
0 -5 53 191
-5 -3 349 356
-4 -5 303 344
1 -3 185 287
2 5 121 205
-3 -3 88 115
20
0 9 92 259
0 6 89 109
0 2 127 170
0 18 163 250
0 -1 109 252
0 -12 47 229
0 7 107 293
0 16 55 184
0 8 78 211
0 -3 209 211
-10 0 157 197
10 0 36 497
-4 0 404 463
-19 0 33 101
-20 0 210 241
-11 0 5 403
16 0 110 317
17 0 41 737
0 0 147 239
-16 0 78 223
20
0 20 542 599
0 7 1119 1130
0 -12 25 116
0 -5 3 61
0 -17 800 811
0 18 65 537
0 -1 453 488
0 -15 10 73
0 3 107 116
0 -20 44 227
10 0 10 191
2 0 179 260
-17 0 40 63
-5 0 131 180
9 0 151 310
-15 0 1077 1099
8 0 138 209
-2 0 106 217
12 0 158 221
-11 0 59 223
20
0 -14 51 319
0 12 99 128
0 8 189 191
0 14 255 257
0 9 38 271
0 -12 47 180
0 13 10535 10537
0 6 75 181
0 2 181 318
0 20 186 301
1 0 179 253
16 0 114 157
4 0 267 352
5 0 148 181
-7 0 58 133
-20 0 78 427
20 0 7 195
-15 0 88 255
12 0 37 96
-8 0 51 506
20
0 6 305 311
0 18 161 235
0 -4 143 267
0 -9 377 386
0 -20 137 255
0 19 150 233
0 5 9 116
0 -19 59 111
0 -13 7 141
0 14 95 257
20 0 31 108
-11 0 313 395
-3 0 33 208
7 0 193 204
4 0 100 117
0 0 37 244
17 0 59 114
3 0 71 300
19 0 46 99
-15 0 30 179
20
0 -13 102 113
0 15 19 58
0 -10 225 271
0 14 29 325
0 19 137 296
0 -5 62 255
0 -2 47 166
0 -20 43 293
0 -16 61 221
0 -18 100 211
20 0 41 495
16 0 213 307
12 0 99 203
-3 0 221 253
0 0 151 310
-10 0 39 100
-4 0 89 328
18 0 167 256
5 0 383 456
14 0 116 259
20
0 0 38 261
0 -7 56 123
0 14 53 272
0 19 47 121
0 -19 13 183
0 -6 51 262
0 -20 223 329
0 -12 90 101
0 -10 224 351
0 -9 8 151
-6 0 29 175
-16 0 53 260
-13 0 191 251
-4 0 160 161
-2 0 30 203
10 0 181 268
-7 0 19 89
-11 0 311 368
20 0 5 434
-15 0 13 67
20
0 20 134 243
0 -5 81 412
0 -19 112 229
0 -10 153 211
0 7 35 74
0 8 19 753
0 -15 206 259
0 12 450 497
0 -17 463 526
0 -13 56 143
-20 0 35 353
-2 0 28 599
7 0 28 33
11 0 79 225
17 0 61 200
-1 0 566 619
-16 0 3 325
5 0 187 252
-9 0 69 176
20 0 32 367
20
0 5 51 56
0 -6 348 421
0 -5 20 63
0 8 109 154
0 10 229 295
0 17 177 227
0 -18 107 172
0 7 91 180
0 4 147 296
0 12 54 203
-17 0 59 215
13 0 13 284
-18 0 59 238
14 0 711 730
8 0 73 296
7 0 371 407
1 0 76 373
-19 0 143 289
17 0 139 158
-3 0 46 65
20
0 -17 81 118
0 4 42 109
0 -18 173 280
0 -13 99 224
0 -6 322 339
0 -7 130 297
0 -5 129 187
0 15 149 305
0 14 160 217
0 -3 67 339
-5 0 141 199
-14 0 77 107
-3 0 265 326
2 0 65 197
0 0 233 345
13 0 10 107
-16 0 699 718
7 0 13 191
-20 0 241 314
-11 0 96 191
20
0 4 83 263
0 15 113 183
0 14 61 156
0 -16 91 230
0 -18 23 274
0 20 39 53
0 16 28 31
0 19 71 239
0 -7 97 211
0 2 123 182
15 0 95 111
18 0 103 336
-2 0 184 235
-13 0 367 382
12 0 42 113
-12 0 125 176
-11 0 31 63
7 0 13 183
-1 0 592 603
-8 0 11 271
20
-8 -1 32 337
-6 4 20 147
3 2 176 301
5 4 19 108
5 -5 551 555
-7 -10 113 198
-4 -9 228 275
6 8 109 326
9 -5 33 340
10 3 47 241
3 5 38 261
-5 -9 2 207
8 -4 157 194
-8 10 97 268
-2 -2 421 465
-7 -4 185 263
10 -3 40 153
1 -8 99 293
-9 1 641 678
6 3 37 231
20
9 8 61 360
4 9 78 145
6 -10 50 279
5 -10 223 239
-10 1 85 96
2 4 410 453
-3 -2 5 6
-6 -3 20 221
-10 -3 147 169
1 -7 83 411
7 -1 113 265
7 -9 20 637
2 9 74 81
-5 -8 2 37
-1 9 59 312
-5 -9 31 1010
7 2 107 116
3 6 112 305
-3 8 12 193
-1 3 278 365
20
-3 7 202 217
6 4 27 395
3 -10 169 314
-1 6 64 213
5 10 201 205
-3 3 94 173
-9 3 138 215
2 -4 153 157
8 -9 265 333
1 3 96 197
3 8 98 155
8 10 75 263
7 0 62 205
8 0 83 167
-7 5 193 280
-7 1 20 231
-7 4 116 269
-4 4 11 140
8 9 19 276
2 -3 23 88
20
5 2 279 295
4 6 77 145
10 -9 4 97
8 -8 224 243
3 4 5 132
3 -9 101 266
4 -4 86 231
10 -4 343 410
-4 -10 65 238
1 -9 199 305
4 -3 59 366
9 8 91 149
-5 0 305 311
-5 -6 3 55
8 3 53 180
-3 8 47 323
-3 9 10 119
10 6 164 211
6 -4 155 198
1 10 49 432
20
-8 7 158 265
6 7 92 149
8 -5 89 129
-8 -2 20 217
-10 10 148 165
-9 -9 107 296
7 9 168 275
10 -2 140 299
6 1 106 271
-6 8 191 298
1 -2 163 225
-3 -6 5 162
4 -3 151 160
9 9 168 229
-3 1 19 1139
-10 -8 45 143
-1 -8 23 246
7 4 1 159
-2 0 297 302
-5 -3 404 423
20
0 3 225 313
-8 7 154 295
-1 -6 185 216
-4 -7 23 387
-8 5 20 309
-6 10 315 391
-3 -8 7 221
9 6 220 287
0 -7 18 97
-6 -8 132 283
9 -7 71 111
-1 6 25 288
6 9 94 133
9 8 47 187
-4 -10 38 175
-9 3 1 620
2 10 99 218
3 -3 128 159
0 5 45 158
-9 8 106 193
20
-6 2 16 153
-10 10 349 375
4 -10 164 183
7 -4 9 100
-4 -8 63 428
-5 -6 119 241
4 -6 41 503
6 3 117 205
-4 8 25 1022
-5 -3 183 323
-7 -8 122 211
-10 8 518 527
1 -10 44 113
-2 -3 96 167
-8 -6 95 254
0 -8 143 255
-2 -10 893 915
-1 8 33 92
6 2 79 193
-9 8 128 137
20
-8 -8 187 196
5 2 339 364
-1 -7 54 217
10 -8 20 99
1 -10 143 155
-7 -2 118 169
-2 -8 36 761
8 -3 409 428
5 -10 119 190
3 3 77 197
-4 9 44 241
0 -5 82 253
6 -3 63 202
7 0 109 149
1 0 52 227
-1 -10 7 25
-8 2 92 159
1 -8 91 173
-2 6 164 177
-5 1 151 274
20
-10 -7 87 221
2 -2 20 407
6 -5 191 264
6 8 87 139
8 -1 61 175
-2 -6 17 416
-6 -10 85 296
-9 -2 5 127
-9 6 54 101
1 -9 248 339
1 -3 189 200
-3 -10 1019 1020
-8 -3 99 299
2 -9 79 248
5 -9 66 215
10 -2 397 458
-8 -5 1 98
-10 -1 202 209
7 1 295 374
8 -8 182 293
20
-5 9 49 197
3 -6 1 646
10 -9 77 452
6 0 869 888
-7 6 59 230
-8 -1 117 263
7 2 59 224
4 -4 135 259
-6 -10 28 61
7 -1 113 199
-10 4 106 149
1 1 36 203
-8 -9 493 538
6 -3 93 104
-4 -9 118 187
9 -10 57 68
5 7 709 744
0 -3 172 205
-5 5 179 238
2 -4 89 162
20
0 9 32 101
6 5 83 399
2 -6 8 741
-4 5 15 301
0 10 73 250
5 -6 227 244
0 -10 174 211
-1 -3 214 261
8 6 52 473
-10 2 101 125
-6 -10 217 304
-2 0 31 273
8 1 170 279
1 -3 5 78
-2 -2 19 164
-4 -1 31 442
-7 10 69 296
-5 -7 358 401
-1 5 186 293
-8 -3 94 127
20
10 -3 29 171
5 -10 165 182
2 -7 37 100
-10 -7 194 285
-9 8 509 516
-8 -2 99 109
-5 -5 113 269
0 4 226 289
8 6 141 283
-10 -1 156 173
1 6 164 215
-4 -10 13 193
4 -3 224 255
3 -4 47 54
8 4 529 565
0 -10 103 321
6 2 130 297
-2 -3 199 260
-10 6 103 136
2 9 100 191
20
-1 -2 122 185
9 -6 68 161
7 4 13 181
-1 5 169 296
-9 7 103 162
-4 3 17 47
0 -2 1859 1863
0 9 517 527
10 -10 162 221
3 2 65 211
4 -2 31 117
10 -9 91 347
-10 -1 13 541
-4 8 47 339
8 8 17 19
-8 3 46 265
-4 9 110 117
1 6 31 88
-5 2 800 811
1 4 1 11
20
3 -9 16 43
0 8 235 298
-7 4 23 83
-1 9 94 399
10 -2 79 114
7 -5 33 133
2 9 13 141
7 -8 107 197
3 -2 247 264
0 5 117 232
-7 10 35 122
10 -4 26 71
3 -3 1 2258
0 10 245 298
3 8 60 119
-4 -8 10 61
10 7 17 298
4 -1 207 214
-4 3 30 89
-8 2 58 189
20
6 -1 130 217
6 2 127 174
-1 -1 47 207
-4 -2 533 553
-8 -10 158 277
-4 9 154 255
9 10 4 375
8 4 36 169
-6 6 106 109
-6 1 332 349
3 2 237 289
4 -4 57 331
-8 -9 17 757
-10 -6 131 156
-4 -4 101 154
5 -6 7 102
7 0 61 355
-3 8 61 152
4 -1 105 251
2 -10 530 581
20
-9 6 113 220
5 -6 39 173
-2 9 163 262
10 0 35 213
3 -3 82 105
4 -9 323 378
-10 4 159 251
-9 1 198 259
5 10 257 318
-5 -7 27 34
-9 -2 107 259
-2 5 757 772
-1 -7 38 737
0 -7 97 150
7 8 88 171
3 -9 17 535
0 7 48 101
2 5 137 186
5 -1 130 177
0 2 52 187
20
-8 -7 31 582
-5 -7 31 82
-6 -4 117 176
-1 -9 21 163
-3 8 42 407
-8 5 354 391
-7 -2 197 338
7 7 144 223
5 -8 9 302
-3 2 173 241
0 1 29 129
-2 -4 129 217
-10 -7 231 283
-2 -2 118 171
0 -1 1374 1375
3 10 29 430
7 6 71 195
1 -6 26 407
5 -9 18 575
-5 10 42 593
20
-6 -1 25 77
8 -6 26 121
-8 5 47 63
-10 0 201 311
-1 7 1 100
-4 -9 107 152
5 8 163 323
-8 -2 10 739
-5 10 113 160
10 10 290 353
6 7 89 283
2 -8 31 159
3 -10 51 262
1 -10 107 257
-3 7 111 232
7 0 133 200
-7 0 49 450
5 2 162 211
-10 -3 112 115
-8 -5 71 143
20
3 10 295 321
10 3 40 681
-2 5 97 191
4 8 709 737
0 -7 77 139
-10 4 124 251
-7 -2 107 135
3 7 103 368
8 4 103 215
9 -8 23 1236
4 10 47 272
-4 -6 181 329
-6 -4 143 183
0 8 82 119
9 1 333 395
-8 5 61 106
4 1 51 631
-2 8 3 17
-5 3 57 158
3 -2 230 329
20
7 0 139 229
6 10 151 154
-10 -2 7 80
-5 -8 209 326
3 1 181 221
-3 6 100 197
-1 -4 248 293
0 -10 57 599
-9 -6 281 296
9 -6 110 201
8 -2 149 236
4 9 170 181
-2 -3 13 133
3 10 524 561
-4 -7 295 321
6 0 163 264
4 2 191 345
-7 9 57 94
-4 10 662 691
7 -10 86 207
20
9 -10 31 174
10 -2 281 316
4 -7 14 67
-6 0 433 477
-3 -9 279 349
-3 0 143 174
-7 0 121 214
-9 -2 41 67
10 5 46 237
3 -9 49 135
1 -6 215 233
1 0 73 177
-8 -3 1 107
-8 3 160 197
4 7 10 123
7 2 109 132
2 -10 109 182
2 -4 159 227
10 -9 63 353
-2 10 89 229
20
-9 -6 85 246
1 6 131 277
6 -4 209 316
1 1 1 19
0 -4 223 255
-7 -5 240 251
-9 -10 5 309
-6 -2 21 409
-5 1 157 163
2 3 163 185
-5 -6 429 488
-7 0 93 98
-9 10 193 205
4 3 111 292
-9 -3 96 163
-3 8 218 257
-7 8 49 51
9 4 22 179
-10 -7 151 201
0 -6 85 132
20
-8 10 23 133
-3 7 77 92
1 -5 140 237
-5 -3 81 158
-5 5 31 200
-6 4 249 326
-7 -6 65 476
3 9 22 137
-8 -8 193 206
0 -5 1 494
0 5 57 244
-9 4 59 87
-9 -5 13 300
1 0 27 932
-6 2 11 161
2 8 265 336
9 -7 19 129
6 9 198 211
8 10 44 309
10 -8 423 436
20
7 -3 26 105
-1 0 10 197
7 -5 87 251
-2 3 265 344
-4 10 11 425
1 -9 84 145
8 -3 585 628
8 6 291 343
6 7 113 161
1 -7 68 113
6 -8 784 803
1 2 6 311
-1 -9 26 197
-1 -3 341 422
7 0 83 290
-8 0 29 64
-2 0 58 83
10 -5 116 153
0 1 41 184
0 -8 19 230
20
-8 -2 199 298
-10 -9 188 241
2 -6 83 103
7 3 147 164
-5 6 130 199
0 -7 6 143
3 -7 199 219
9 -2 81 283
-5 5 93 317
-6 -5 21 113
-6 2 265 283
-5 7 46 125
-5 0 71 89
-10 2 52 175
-10 8 125 243
-4 9 67 297
-10 9 7 333
-4 -4 89 137
6 -8 53 115
-6 10 1 703
20
-6 1 203 218
-3 1 54 119
-8 -5 23 55
-10 1 50 59
-3 2 45 184
1 6 2102 2113
0 3 149 229
-1 5 89 145
-8 0 87 227
-1 2 97 258
7 -1 53 384
9 8 26 61
-6 -5 34 661
-4 6 851 856
-9 -2 94 103
5 -3 179 266
9 0 7 223
-2 0 405 451
3 2 1369 1389
2 3 122 233
20
-1 -2 309 350
-9 10 93 236
2 -9 360 413
-3 -1 69 172
-10 7 109 247
9 0 36 143
1 -7 79 254
-5 -1 15 176
7 5 1 364
3 8 371 445
-6 -2 105 274
2 6 18 449
-5 -10 19 169
6 1 133 151
8 -7 139 171
5 6 16 197
0 -5 167 262
-8 7 169 193
-2 -6 77 229
-9 2 121 268
20
5 9 243 263
5 2 107 156
-5 -5 79 160
2 -10 156 175
-5 8 224 243
4 -3 34 179
-4 -8 278 285
2 8 15 247
-8 0 203 305
1 -6 155 177
1 -5 83 281
-5 -10 192 209
-2 -7 129 169
-7 -7 7 402
-5 7 26 315
0 8 76 331
-8 -1 61 279
10 3 37 198
2 -2 74 187
1 -2 14 103
20
10 -6 129 253
-8 -5 325 378
0 6 29 48
-7 8 475 487
-2 -3 12 187
9 4 16 117
2 -10 191 340
-9 -7 21 223
-6 8 154 257
-10 5 86 333
1 -2 283 305
-9 -8 263 297
5 -7 180 229
-1 8 71 225
-4 -4 203 251
4 -5 35 353
8 1 225 241
-2 -4 146 189
3 7 129 245
-2 4 557 584
20
-2 0 7 239
-4 -7 14 229
-9 -4 45 334
9 -8 76 319
-3 10 53 270
-4 -8 39 478
-9 -1 1 372
-7 -2 45 283
6 -4 125 137
10 1 121 145
2 6 1010 1021
-5 0 149 282
-2 7 185 224
-4 8 22 173
1 -3 64 171
-4 6 89 307
-10 -5 25 268
-9 -10 31 61
8 7 10 1093
-3 -3 259 318
20
0 93 118 257
0 -44 49 57
0 -90 163 211
0 79 125 208
0 -62 59 183
0 70 173 253
0 -26 71 409
0 28 19 88
0 -68 27 637
0 63 37 257
85 0 79 238
86 0 50 53
62 0 5 119
-25 0 17 417
-41 0 69 173
-28 0 45 98
-85 0 8 143
29 0 137 147
-48 0 1 16
-8 0 114 275
20
0 -63 108 227
0 -75 73 171
0 57 43 442
0 28 6 145
0 9 41 86
0 40 57 139
0 -6 22 245
0 91 23 61
0 80 288 341
0 21 127 157
-96 0 21 314
97 0 235 293
23 0 15 88
17 0 73 411
63 0 27 532
51 0 41 75
-52 0 92 213
-23 0 110 131
46 0 113 211
85 0 79 214
20
0 7 131 277
0 -56 12 317
0 26 31 193
0 46 51 124
0 -31 25 84
0 -63 235 342
0 -44 96 187
0 -12 65 74
0 -61 208 261
0 5 317 383
31 0 19 183
28 0 166 247
-64 0 175 268
-57 0 38 737
-2 0 172 309
32 0 74 145
89 0 162 209
-77 0 103 222
95 0 78 227
-17 0 6 541
20
0 61 119 149
0 -7 119 124
0 24 235 248
0 37 79 162
0 -61 52 173
0 0 29 144
0 -69 148 151
0 34 128 157
0 -64 163 287
0 30 161 311
17 0 3 397
77 0 86 211
-72 0 70 321
-25 0 172 209
-96 0 25 342
6 0 223 342
-48 0 313 352
69 0 259 344
46 0 169 170
97 0 47 379
20
0 -30 40 439
0 87 14 1181
0 -92 223 244
0 85 24 85
0 -26 58 195
0 -12 143 152
0 29 23 418
0 -33 293 325
0 -7 215 287
0 -15 671 678
-55 0 269 297
18 0 63 305
6 0 106 173
-20 0 177 212
-11 0 1967 1982
35 0 51 88
-3 0 108 281
93 0 419 432
-19 0 1 213
63 0 86 321
20
0 69 323 406
0 71 101 251
0 3 57 292
0 -38 208 297
0 -50 11 21
0 -16 142 273
0 -32 23 387
0 -54 206 339
0 20 116 323
0 89 99 179
43 0 41 136
77 0 7 253
-84 0 228 305
-51 0 41 411
-7 0 243 319
-10 0 82 171
31 0 74 315
-64 0 727 756
51 0 63 197
74 0 14 227
20
0 15 69 80
0 44 50 601
0 -29 36 115
0 80 138 325
0 -79 69 136
0 -25 10 97
0 61 59 211
0 90 103 321
0 -89 189 299
0 16 173 242
59 0 793 813
-62 0 68 247
-73 0 57 314
25 0 20 509
-69 0 144 169
-5 0 117 160
-40 0 3158 3161
68 0 225 278
-54 0 139 146
2 0 87 148
20
0 -33 92 265
0 66 145 302
0 15 30 197
0 42 34 319
0 -52 69 133
0 -53 166 181
0 16 42 73
0 -41 149 259
0 -89 159 310
0 5 349 370
16 0 53 194
71 0 24 139
93 0 42 55
-80 0 23 374
68 0 2873 2875
83 0 181 241
47 0 4 45
-68 0 131 275
30 0 359 362
-84 0 212 263
20
0 -32 193 295
0 43 139 190
0 -90 14 737
0 34 116 239
0 4 61 94
0 28 1 1090
0 91 13 856
0 -3 153 193
0 -43 49 533
0 -45 472 485
22 0 141 217
-66 0 46 283
28 0 91 185
-45 0 211 240
32 0 147 218
76 0 125 168
90 0 178 197
-58 0 78 217
56 0 52 99
-4 0 41 163
20
0 98 57 242
0 -14 39 142
0 1 61 97
0 -91 252 265
0 92 34 449
0 43 100 149
0 68 112 253
0 -38 149 265
0 29 25 79
0 72 51 91
-6 0 151 204
-26 0 26 75
61 0 139 246
46 0 112 223
-1 0 139 171
-97 0 37 362
8 0 632 633
0 0 299 358
-25 0 125 271
21 0 77 391
20
0 16 599 622
0 -7 37 41
0 31 157 242
0 29 89 155
0 -98 89 210
0 17 119 342
0 28 37 618
0 67 42 337
0 85 283 385
0 -71 37 309
85 0 93 202
9 0 289 329
-77 0 95 269
76 0 62 129
-41 0 23 52
83 0 52 211
91 0 45 107
-59 0 88 259
-39 0 58 81
43 0 27 140
20
0 -75 95 227
0 -100 23 94
0 -78 51 217
0 -11 107 189
0 97 83 226
0 70 53 147
0 -46 26 233
0 94 415 428
0 -67 118 237
0 80 168 269
82 0 10 1093
-34 0 308 367
21 0 127 207
-77 0 7 1271
22 0 211 273
11 0 92 379
34 0 11 1379
27 0 1124 1139
0 0 33 211
69 0 47 108
20
0 72 551 582
0 -19 82 137
0 28 291 356
0 -92 17 53
0 41 64 405
0 83 5 79
0 54 73 117
0 82 232 257
0 52 108 247
0 -33 403 475
-4 0 77 174
60 0 229 288
58 0 23 346
63 0 68 117
-50 0 169 192
-29 0 113 223
-7 0 144 161
-89 0 43 703
-86 0 252 353
-100 0 143 157
20
0 -71 48 509
0 63 32 349
0 0 109 142
0 58 212 223
0 81 107 225
0 68 37 46
0 59 47 121
0 -49 1 153
0 -6 291 296
0 27 166 201
-98 0 366 373
-42 0 204 233
80 0 97 177
-23 0 378 419
-96 0 127 191
-100 0 49 207
76 0 466 477
100 0 133 234
-57 0 120 199
-88 0 155 297
20
0 -35 13 86
0 17 123 367
0 -54 113 153
0 38 53 142
0 87 6 205
0 -78 283 327
0 89 88 155
0 69 66 383
0 -43 109 219
0 -96 275 371
47 0 89 128
-8 0 61 157
94 0 119 212
-34 0 165 269
91 0 35 206
-25 0 131 236
-51 0 71 363
-87 0 163 210
25 0 115 232
45 0 75 137
20
0 -53 89 120
0 91 127 291
0 86 84 223
0 6 46 343
0 81 371 450
0 -12 53 54
0 -33 143 199
0 -79 107 130
0 -41 37 88
0 30 311 329
-46 0 75 173
-26 0 405 422
68 0 66 199
86 0 86 205
50 0 5 213
-75 0 61 158
-50 0 2 105
57 0 725 737
-41 0 23 217
99 0 110 279
20
0 -58 159 302
0 -81 59 173
0 86 71 254
0 -90 257 272
0 79 11 635
0 65 56 121
0 61 170 267
0 93 71 463
0 -6 222 239
0 -45 29 216
-88 0 49 85
51 0 50 287
-52 0 115 258
-94 0 51 298
23 0 491 537
-5 0 109 229
29 0 49 244
20 0 257 267
12 0 105 166
-29 0 117 164
20
0 38 56 199
0 -69 81 283
0 -100 56 123
0 41 43 275
0 92 161 234
0 28 145 217
0 70 169 176
0 75 151 195
0 -19 41 200
0 34 59 274
-62 0 8 103
-75 0 157 303
79 0 16 783
-81 0 64 453
-56 0 25 29
-59 0 25 364
-72 0 122 263
-34 0 278 351
-48 0 186 277
-87 0 65 152
20
0 58 250 267
0 -77 71 387
0 -63 56 111
0 -61 109 135
0 63 5 294
0 24 61 220
0 -51 3 190
0 55 453 512
0 -44 191 206
0 -3 29 173
80 0 329 337
-10 0 140 141
-62 0 122 319
-24 0 96 121
-21 0 17 197
-90 0 183 283
0 0 181 265
47 0 34 49
11 0 157 170
-43 0 134 155
20
0 -92 67 129
0 -15 217 249
0 61 37 188
0 18 31 198
0 16 53 92
0 -21 80 147
0 2 167 187
0 -53 183 287
0 49 377 456
0 -38 87 160
0 0 18 275
-24 0 289 368
-64 0 203 258
59 0 33 190
15 0 164 243
-98 0 30 203
93 0 251 330
-49 0 147 320
75 0 73 259
70 0 464 513
20
0 -84 25 172
0 -72 78 181
0 -46 128 183
0 98 35 59
0 -9 98 363
0 -94 83 353
0 11 317 396
0 46 25 223
0 -45 23 492
0 -92 113 211
37 0 114 179
-100 0 13 339
-98 0 45 269
96 0 173 234
-35 0 431 440
-37 0 81 359
35 0 47 128
22 0 30 139
-44 0 58 439
52 0 131 211
20
0 -52 191 218
0 40 67 224
0 96 137 242
0 51 29 93
0 -48 170 291
0 -11 1 53
0 -58 80 263
0 48 141 218
0 94 79 161
0 -45 59 202
-69 0 215 352
44 0 59 159
21 0 331 410
1 0 47 261
-77 0 7 24
-27 0 203 272
46 0 163 312
-14 0 101 253
-61 0 785 794
-29 0 42 275
20
0 -15 97 130
0 27 13 333
0 -80 115 284
0 9 91 190
0 3 49 261
0 100 217 282
0 -98 53 107
0 -33 144 227
0 -56 189 193
0 69 1 811
-57 0 145 253
96 0 124 263
63 0 43 72
-89 0 72 103
78 0 14 191
-28 0 41 115
95 0 463 521
-33 0 97 119
34 0 124 187
-50 0 83 265
20
0 -62 132 179
0 -49 97 256
0 12 119 302
0 86 157 303
0 22 118 265
0 -37 81 199
0 42 69 169
0 -54 69 136
0 98 22 85
0 32 64 229
51 0 127 154
43 0 85 174
16 0 344 409
22 0 11 12
47 0 135 287
44 0 376 377
79 0 2 333
97 0 107 241
54 0 11 116
-26 0 314 389
20
0 -66 68 233
0 75 709 737
0 -43 31 187
0 45 509 540
0 0 89 176
0 70 61 112
0 -5 113 207
0 37 236 279
0 31 851 857
0 58 11 191
32 0 18 203
24 0 94 307
50 0 195 202
31 0 19 1184
13 0 86 153
96 0 91 193
-27 0 181 287
-16 0 76 329
-65 0 919 938
19 0 129 310
20
0 -63 55 213
0 98 752 777
0 -49 68 299
0 55 8 171
0 -54 149 354
0 -53 102 271
0 -45 114 121
0 -77 103 204
0 -74 43 628
0 -65 83 290
27 0 221 226
-37 0 28 135
38 0 251 272
-71 0 63 137
-51 0 2 673
16 0 177 259
-8 0 97 123
72 0 196 223
-57 0 89 135
-32 0 81 337
20
0 79 51 248
0 93 239 295
0 91 117 139
0 -70 137 209
0 6 35 61
0 49 64 119
0 5 35 912
0 18 87 247
0 -20 166 169
0 -90 195 223
45 0 554 565
-19 0 45 167
86 0 55 321
-24 0 247 259
-62 0 32 171
84 0 40 213
-50 0 92 121
0 0 94 123
43 0 107 182
21 0 138 241
1000
-641 -211 151 195
-721 912 131 187
-655 531 83 216
-857 -258 83 220
266 105 95 109
363 244 39 217
880 396 176 183
887 992 139 154
666 940 60 413
-979 -767 229 255
-925 525 3 151
-577 -692 539 562
-788 -118 53 84
878 -592 421 460
876 268 40 151
500 556 116 243
-228 94 70 81
320 -143 53 259
-545 317 382 447
-230 -371 533 566
946 975 321 367
-621 506 169 181
-520 -894 15 238
919 470 65 86
326 -738 71 78
252 -87 148 253
-231 -364 50 181
461 26 97 116
-245 49 19 388
-667 -394 29 324
-692 -325 45 194
-911 -463 5 2434
-349 -63 89 191
-200 848 15 28
905 546 44 291
-816 -980 67 80
902 520 8 909
-823 498 8 115
-479 623 70 267
474 88 153 241
-494 -226 55 89
447 -602 132 223
222 -754 7 383
-824 -188 76 103
-215 -459 79 203
-762 -494 292 339
-833 -682 102 151
359 55 187 212
430 961 8 2877
872 616 41 320
698 135 162 217
-217 -283 135 181
-171 755 49 199
-588 -462 71 77
890 -76 6 203
591 -612 281 353
531 124 46 335
-462 665 777 808
-459 -909 148 199
-794 -540 202 287
663 706 96 175
722 -789 281 308
121 643 442 447
290 -756 168 251
516 -868 139 237
-644 545 47 48
979 -164 134 289
701 -476 58 159
-161 256 151 154
-867 -216 470 473
-860 -927 63 155
-582 38 57 476
844 684 174 281
803 -461 110 207
-383 -979 204 307
79 228 9 82
-963 -631 19 146
459 122 43 71
953 -29 245 333
797 448 59 62
591 419 100 193
967 667 77 169
-434 13 139 170
-492 -271 166 233
84 666 254 289
-939 355 103 224
355 -519 948 967
-823 -508 432 503
625 -650 86 159
819 -850 14 83
-538 623 41 44
252 -673 88 285
-445 724 93 256
-425 -221 173 205
967 -196 100 229
-434 -987 77 260
-429 -314 37 736
98 959 27 104
976 234 185 208
-765 -97 10 163
-795 722 165 221
-394 35 200 277
43 115 113 193
927 91 1 134
999 -902 136 245
-101 -142 179 195
-31 812 79 357
34 175 37 231
830 686 25 204
-880 580 83 98
42 448 40 99
-788 620 47 275
-56 -579 141 179
-169 330 52 209
-679 -240 7 43
-572 988 193 282
-811 521 54 89
531 126 20 229
-571 -680 13 242
-385 707 32 103
510 487 112 179
-424 -62 111 251
-680 -429 181 223
-453 -307 7 64
115 -537 99 163
467 642 146 173
-385 824 13 98
378 91 104 127
21 -411 76 157
-958 -17 29 583
-635 -323 19 179
844 -653 9 46
-29 -384 66 241
900 -387 152 271
-600 -403 45 307
-516 996 123 280
899 -863 103 196
-355 -127 92 187
809 -286 113 241
736 -974 1 293
542 191 15 148
717 -576 139 273
679 -66 119 311
457 -92 77 120
-813 -472 99 206
-111 309 15 88
-971 -998 54 233
-101 552 93 163
-96 489 107 164
569 -589 116 353
553 -34 4 83
639 310 83 165
-975 -202 389 427
-967 -337 156 241
-324 -613 107 220
-305 451 233 267
681 416 32 151
-309 757 245 289
78 -857 283 326
-720 -567 19 132
-381 832 99 218
501 768 77 207
733 -5 16 261
-323 -928 566 575
-617 200 103 250
-984 -511 39 155
-805 -430 194 317
765 369 11 251
48 -935 112 311
398 -669 28 139
-40 -985 25 227
-174 -194 13 55
-322 -893 173 197
-844 -159 81 412
384 513 31 467
-554 178 28 51
-60 55 79 161
794 -234 48 97
811 6 454 483
964 -563 140 153
821 378 371 443
911 -286 107 267
-771 727 103 222
-693 -76 9 161
491 262 111 247
190 -439 126 269
-512 110 107 127
-381 614 14 187
435 -767 293 352
-899 -786 73 107
470 -259 231 244
-381 -860 102 235
430 -472 35 149
821 777 103 185
-2 -163 83 89
-599 750 100 337
-616 -889 278 371
701 -446 47 142
-912 -744 125 216
122 230 225 253
992 522 59 157
-462 520 82 193
-564 198 78 185
318 973 123 167
819 54 31 66
-291 -936 93 253
-240 344 23 147
468 -838 99 188
838 -869 117 170
-589 593 2872 2877
994 -633 116 153
-537 -411 103 165
-416 -737 80 347
-275 397 11 193
345 493 185 307
-300 -20 54 269
-341 281 55 261
156 -265 52 267
-449 198 83 236
481 -59 89 331
-127 614 131 196
-479 -788 113 114
-182 -25 454 469
547 498 600 611
-874 827 167 246
236 -227 455 478
-93 250 9 139
67 518 85 93
606 105 221 244
-990 -659 37 338
524 -430 146 169
-986 -159 118 211
375 -944 37 69
714 -155 25 107
-264 -232 113 183
-151 457 287 310
592 655 252 299
471 -529 181 326
-221 -779 245 354
809 480 97 101
236 -461 257 365
539 267 125 128
-257 961 96 247
451 519 82 159
-689 239 265 274
216 -958 12 1673
-393 788 47 577
-65 -703 131 301
-374 -828 30 143
-426 48 79 217
-247 -453 142 289
-282 242 91 150
721 501 43 422
-88 -683 218 307
-572 503 13 242
479 -728 11 224
994 460 88 191
-721 579 264 335
-749 24 29 257
-51 33 161 214
880 -894 87 305
-434 -834 125 129
-43 -636 129 173
788 261 183 193
945 -260 113 260
305 244 8 199
-532 632 2 203
12 -533 39 119
-231 -779 823 860
-889 -194 39 172
-572 270 46 259
444 235 13 170
437 726 15 116
574 -49 88 191
233 592 41 673
-506 899 128 129
-371 164 29 39
42 557 100 341
-884 747 38 51
490 426 237 349
-263 750 227 233
526 -303 23 618
-758 -403 83 192
329 250 304 347
238 -173 5 147
502 32 116 121
-222 321 95 199
833 -32 1 6
170 -413 169 212
-518 -874 89 359
738 -43 175 258
-136 -820 505 514
53 -774 128 285
-36 766 587 603
-53 -19 61 98
-373 -49 242 325
3 578 61 134
333 -618 167 179
-94 864 113 287
585 562 92 135
71 -10 158 235
-586 -98 281 298
697 792 80 137
-281 754 157 194
492 224 123 143
320 -943 127 135
605 -434 67 163
886 6 21 646
-608 129 53 110
122 309 16 199
487 110 45 71
-418 -775 111 139
-620 -346 52 167
-31 -756 83 252
959 -924 212 219
-162 987 1 168
47 665 190 339
350 -438 115 169
356 371 177 182
-859 768 34 157
-62 328 1 135
250 -312 131 238
-813 859 223 254
-904 -233 61 195
48 -541 38 71
148 -456 115 344
243 -774 69 269
816 -829 71 245
-451 641 44 161
-253 196 33 164
-289 -919 106 155
-595 714 53 92
0 324 134 183
-200 93 107 153
981 641 109 363
737 653 83 94
-265 -360 155 271
390 374 171 338
-376 -589 89 394
718 -91 544 555
-418 623 13 118
96 -64 18 125
-387 208 7 82
250 -168 116 367
-150 897 63 212
-6 750 61 163
-956 487 163 177
-149 -134 433 460
102 835 127 139
986 -411 27 38
-536 167 10 317
817 -419 177 197
520 -680 265 304
-790 892 17 339
-57 215 215 306
850 186 6 223
731 -338 33 190
248 671 64 349
-73 697 31 261
-472 574 122 187
-662 530 5 447
67 -457 845 864
50 -143 115 143
-924 669 371 433
63 386 1250 1271
555 484 162 175
-725 147 138 233
273 166 5 311
-155 -859 353 391
-486 954 104 147
888 -7 35 138
192 -585 83 156
213 -938 239 272
413 -275 109 319
-2 -522 199 276
-238 -491 159 253
279 373 91 197
305 463 103 212
178 -739 60 181
-171 883 143 322
242 154 14 267
-354 -702 69 190
-168 -127 5 2877
-388 -421 1436 1439
-46 830 2 303
645 -565 1 169
394 -597 53 74
-780 5 45 197
837 257 3 158
794 -306 15 94
82 -518 53 62
-128 -735 257 365
-129 -847 13 202
68 -534 26 113
-63 962 13 105
-118 1 128 147
-234 -578 111 241
-432 167 151 196
-631 -878 28 339
-165 59 17 785
692 -969 73 297
310 -243 83 153
75 481 89 130
794 -886 277 374
686 344 145 331
-645 -928 63 229
-159 -983 129 262
350 -690 253 288
-494 -848 144 163
70 103 62 147
14 -312 174 299
66 609 20 77
594 782 149 199
-503 -323 25 42
890 575 53 111
-717 392 93 130
434 -982 4 81
-908 746 2253 2258
-127 -629 133 239
-562 -807 83 228
948 56 57 89
-455 524 217 263
744 401 123 281
249 631 45 626
-409 41 188 233
402 -49 109 324
622 85 109 231
915 -383 118 279
-439 -835 691 707
948 -520 63 181
-195 -442 109 129
-111 -797 211 271
448 654 137 186
167 -425 148 317
287 401 56 123
298 312 431 467
-159 391 21 170
-979 813 91 211
-223 119 67 129
-672 -859 139 259
964 275 71 244
-861 340 11 744
664 846 270 319
-863 -769 20 141
519 -346 89 128
-629 -356 94 385
854 175 884 907
166 198 38 495
-871 -619 2 55
546 -322 371 447
-515 -491 565 584
319 -991 142 249
10 -611 359 370
341 -199 85 161
-236 710 37 506
-62 3 57 185
482 405 151 196
105 462 503 531
227 -873 187 247
-914 400 39 79
833 -422 73 98
778 -423 266 351
-358 644 52 277
996 -89 120 247
514 449 15 338
-330 -328 46 169
-275 -219 235 244
-270 919 83 262
608 116 94 99
961 876 43 233
197 -681 13 173
85 1000 159 301
-530 -675 34 65
-626 384 105 166
-315 -840 263 325
-522 299 13 707
188 -1 37 85
408 902 40 573
-333 -909 52 333
-189 -159 2 143
-434 -882 94 285
276 783 193 301
178 -371 643 676
865 75 37 251
-244 -149 27 230
680 275 79 369
369 -32 207 233
-511 133 259 342
-282 -146 16 559
-417 716 110 113
-20 217 227 317
726 963 3 634
496 -83 95 296
907 -583 206 339
874 375 147 247
-610 875 147 160
349 976 197 256
-323 643 85 203
363 -115 147 173
-762 -640 62 107
-239 -248 277 301
358 -446 247 337
870 313 206 305
-172 695 66 203
94 -695 183 319
-275 -408 19 40
245 596 197 304
709 -256 240 251
-419 70 55 203
730 920 41 219
-16 -263 26 69
612 -132 17 110
491 -66 43 251
786 202 189 257
-277 10 55 129
52 950 131 245
109 88 115 172
-984 956 52 239
-367 435 61 174
280 -442 128 269
682 877 59 222
-425 601 48 187
-938 -980 1051 1062
326 -97 83 296
-834 -833 126 197
-653 125 83 171
-281 -933 97 125
-799 -594 156 251
-993 -991 71 99
-438 -286 36 55
-917 -389 54 377
80 -799 47 318
472 321 127 243
59 183 77 142
-418 -372 403 411
-441 -911 93 259
660 -385 157 216
814 643 19 125
-426 -472 22 37
287 -387 12 85
-437 -872 51 64
-481 631 19 292
279 624 143 261
717 131 263 344
-440 -71 191 229
-996 -340 97 161
70 -588 89 149
-617 -686 138 181
-778 667 13 103
-670 -24 27 94
699 -767 15 247
-596 709 217 324
886 387 138 193
-73 611 89 117
-1 535 758 797
940 -17 63 335
701 -315 171 214
463 -109 1165 1173
-336 913 53 77
-162 -156 137 318
-686 609 223 245
687 700 31 35
-897 14 423 451
-537 1000 57 227
-441 -881 65 67
-172 155 63 428
680 -686 66 215
902 600 574 621
780 -922 59 84
758 -466 153 199
-451 -301 283 285
-620 -309 23 122
136 -433 21 73
-567 581 23 387
276 -250 125 288
-677 805 36 103
-596 -775 173 293
993 -882 233 291
49 -183 159 290
-729 975 158 331
778 964 59 69
-626 -336 50 177
-979 -883 134 135
527 882 65 496
-307 -703 151 268
566 394 59 70
-222 -172 425 444
831 -205 67 159
-298 43 137 234
375 -38 173 236
926 658 11 19
-222 363 52 265
464 752 139 281
-224 -991 497 534
-445 211 83 293
-566 -527 95 197
-117 -259 127 277
355 270 76 217
424 -164 23 56
126 -577 34 211
419 320 139 180
-233 -496 733 741
-693 673 117 233
895 728 13 461
-371 300 23 237
389 634 25 137
975 963 33 35
-428 743 243 257
197 -174 14 363
815 -134 147 152
-205 -806 5 2877
608 560 88 263
-4 -46 200 231
305 -393 144 251
21 797 232 311
612 934 259 268
-783 -465 37 50
-691 -617 11 75
242 553 57 214
885 -131 33 203
-982 -710 81 368
427 161 159 227
-410 719 51 140
550 666 257 275
-72 396 31 60
-273 751 590 627
674 351 3 158
-887 795 28 737
-726 -841 431 467
-844 422 61 62
709 -427 56 519
-115 397 373 430
-315 327 4 1507
362 -113 50 177
987 873 47 258
280 -622 64 77
-485 -577 217 359
551 566 543 584
-787 942 436 479
441 -928 221 283
593 916 4 31
762 -792 75 344
396 -265 213 295
955 532 169 190
637 -256 951 965
113 -998 167 218
-19 106 262 301
-516 136 7 491
537 -24 5 403
-28 546 29 89
743 -213 6 59
469 -832 26 99
-918 -522 18 155
-85 -690 450 497
185 791 301 374
-542 245 230 293
-322 -370 17 179
-998 -355 37 134
-355 -593 109 208
-614 452 53 248
944 710 16 167
520 -298 254 337
-281 -355 202 253
-595 -628 311 350
427 -193 179 259
-969 -748 113 248
254 360 395 462
738 -207 71 335
790 -100 94 399
645 416 130 167
59 -66 41 233
74 -129 339 407
700 459 125 126
138 -480 40 273
434 782 92 155
-159 929 46 173
429 978 90 361
682 -125 91 159
-864 289 179 259
250 416 153 182
-864 374 99 175
823 -703 181 182
163 -933 60 191
-751 166 105 206
-991 177 50 209
782 417 93 224
569 298 5 91
122 -138 209 344
655 906 4 133
308 -389 84 145
424 -14 131 223
13 -976 81 229
-679 -981 129 214
876 346 1 90
-898 13 95 106
166 -750 131 239
269 -772 55 421
-617 194 74 105
69 -464 11 40
-306 576 107 218
303 -909 359 438
-367 -63 73 255
-143 -692 80 87
405 695 119 152
-255 603 256 313
164 -60 74 171
499 448 1 156
-89 176 479 534
950 -86 46 51
44 975 154 211
294 973 132 257
-561 -82 589 621
-424 970 245 286
746 -580 379 404
-258 875 51 245
289 15 211 284
-24 875 17 417
76 893 339 355
-443 -753 66 157
866 -553 124 125
-29 -103 91 307
-926 486 776 797
-866 -468 269 344
-763 139 53 363
646 -258 251 271
992 -572 55 181
-180 790 119 152
254 -428 471 496
-406 -542 193 252
516 -135 202 245
872 548 34 719
538 134 171 194
28 -825 441 479
108 -371 219 301
508 -577 159 170
816 -122 182 237
-799 223 9 67
-874 -817 122 289
-98 532 90 361
-805 466 116 169
433 -983 167 252
-733 839 217 263
-12 550 330 373
226 -225 74 253
776 -522 357 383
-381 -57 1 381
893 -23 517 552
-634 -78 188 249
129 832 272 335
765 -566 10 251
550 -714 1 608
899 874 37 204
895 563 1 299
114 -396 51 253
-624 853 43 203
-862 106 124 133
165 -502 17 18
707 676 39 148
-638 92 1571 1582
-800 -438 13 28
-90 -562 47 196
502 -17 31 884
-934 262 300 307
-901 25 508 511
906 380 108 295
682 603 116 129
-652 355 40 73
219 -307 1 171
-993 668 54 109
817 15 53 184
-210 -207 36 67
-421 659 129 158
-55 -507 151 224
615 -208 143 310
-768 700 156 161
715 294 209 290
-593 -613 42 47
208 370 214 327
-103 535 104 277
378 996 131 290
-836 307 55 178
90 46 67 112
478 -313 52 61
671 -935 151 192
991 822 287 324
786 -619 661 679
146 760 148 181
645 208 34 189
-200 148 110 263
606 784 131 276
628 -775 92 93
902 -40 92 319
-559 -673 100 197
-296 -755 166 291
432 -558 13 222
637 -860 90 211
163 -473 157 267
-956 -587 51 301
-127 940 116 167
867 -601 77 123
-532 80 34 327
-176 494 100 129
480 -255 322 325
499 -952 48 451
-454 -619 260 289
664 -953 65 106
981 241 175 278
60 822 137 308
863 816 157 188
-869 -451 141 182
-702 -379 134 227
-613 149 20 79
-857 288 64 503
214 -13 47 63
690 -226 152 287
-829 94 152 207
864 -334 28 979
642 236 60 211
-547 -552 32 99
-941 58 198 205
898 202 237 251
406 -601 23 622
-912 -537 113 170
449 981 159 230
116 608 23 775
-551 -805 22 75
756 740 16 315
-640 -295 85 174
-136 12 179 256
-857 470 76 129
-240 883 113 127
-34 258 31 228
-907 -28 35 248
829 -348 281 358
289 791 189 197
-352 602 26 51
-304 -868 191 193
576 370 8 177
-703 -546 79 269
631 273 265 336
-65 128 69 410
442 888 37 187
-910 69 86 269
331 -984 30 229
-23 -814 95 249
-712 -886 127 211
-674 -707 64 417
-359 817 13 1381
-235 837 22 91
771 233 107 323
669 -838 78 391
-301 -848 163 185
-446 198 535 541
-489 143 61 98
614 -255 73 143
134 428 77 118
-389 587 106 233
505 842 76 139
-230 151 190 233
-693 967 134 179
-387 -365 317 339
539 -10 100 137
-535 21 227 337
-599 584 89 127
-959 -548 351 359
47 -59 81 217
-669 -55 5 113
960 596 5 187
-935 -344 48 389
222 -828 50 467
-890 -261 129 218
197 759 109 229
-145 552 590 633
-878 854 116 225
-127 564 176 293
-129 -691 62 375
-227 -850 1 5
-63 173 125 239
348 209 13 89
-109 -315 68 137
-361 872 141 182
-521 -706 62 169
246 534 87 293
442 731 201 262
-362 351 66 151
-740 -947 116 313
-816 -43 212 233
-638 -295 111 134
914 -963 211 268
-176 189 50 73
-738 158 13 244
-529 -339 191 286
-103 -482 293 309
-164 -634 19 98
209 -90 87 304
-858 -312 57 79
-707 -915 55 141
972 303 41 331
909 6 135 172
349 496 151 255
-724 838 951 959
836 -413 158 255
-213 245 106 337
-730 -45 33 139
-16 -945 17 158
-485 -562 31 166
-693 -253 52 173
-590 537 164 277
268 298 92 247
-810 489 139 249
546 -212 41 366
-808 271 50 211
243 -863 74 285
305 502 61 239
658 -756 131 329
-520 78 139 235
-698 230 53 257
412 250 189 190
578 421 154 163
791 -275 61 484
943 646 199 255
-390 962 137 272
675 127 23 66
394 -636 72 77
-418 532 34 269
341 202 227 230
1 -528 34 139
-935 -367 69 70
652 448 14 135
945 -558 23 133
-338 -620 645 646
-637 856 50 123
53 -753 452 515
111 861 112 165
-559 -311 223 276
889 -852 61 237
-658 327 32 343
-66 -212 239 323
-819 -482 163 188
990 -464 82 153
827 885 141 320
902 793 39 346
-520 -709 30 181
-270 -457 189 233
-977 -622 109 179
452 477 8 43
336 616 420 451
990 520 141 263
47 795 90 289
-779 -105 149 224
-973 -126 212 307
-23 -279 108 205
-943 -170 148 303
-511 360 181 274
-40 -423 29 57
548 866 321 415
-902 153 47 58
24 -402 15 118
395 -617 47 209
253 -991 3 412
456 -790 15 82
353 774 105 122
-952 -315 478 513
-331 -111 162 277
195 -678 63 166
-431 448 127 220
-179 164 20 389
-322 938 94 147
882 -835 181 345
32 459 43 123
-676 670 102 151
32 840 3 1582
-100 -696 41 525
766 -421 47 326
474 -44 443 483
86 -596 47 132
347 203 5 53
252 160 121 186
68 195 54 55
87 -303 9 308
452 118 197 308
-575 170 79 171
214 -595 343 386
-840 -742 85 132
175 -277 15 47
-600 453 67 215
-52 196 111 196
-412 217 133 144
-405 548 177 193
714 261 61 81
469 263 59 78
808 774 118 197
-466 898 59 238
-173 579 45 304
-771 -574 59 187
-643 -308 54 175
65 -497 809 813
-141 101 146 287
-662 -270 47 109
445 -604 60 323
1000
1000 -311 22 467
1000 -302 153 167
1000 -503 269 308
1000 2 132 199
1000 -181 14 437
1000 806 114 253
1000 -125 46 403
1000 686 208 253
1000 453 151 219
1000 914 179 246
1000 -485 27 203
1000 -22 77 326
1000 -542 319 327
1000 -339 199 234
1000 -819 136 227
1000 -658 89 112
1000 893 103 256
1000 -998 2 71
1000 337 8 217
1000 408 157 201
1000 723 13 292
1000 -200 105 292
1000 23 89 115
1000 -774 37 303
1000 -194 31 582
1000 -824 263 328
1000 162 39 44
1000 106 189 292
1000 -748 376 407
1000 740 25 83
1000 -421 32 215
1000 496 55 112
1000 563 665 681
1000 -987 29 85
1000 585 54 341
1000 215 23 270
1000 -844 28 149
1000 883 59 134
1000 279 76 145
1000 -234 161 310
1000 -350 37 237
1000 -589 41 482
1000 -735 177 188
1000 -65 87 193
1000 -278 107 301
1000 780 49 68
1000 -443 129 193
1000 -778 97 197
1000 649 21 26
1000 -755 223 228
1000 -762 58 199
1000 -240 83 184
1000 -109 290 353
1000 -263 44 53
1000 84 195 272
1000 894 15 19
1000 -732 11 295
1000 -783 77 193
1000 -50 13 400
1000 -438 91 99
1000 683 34 905
1000 191 119 152
1000 -244 273 347
1000 142 13 154
1000 -616 134 303
1000 -300 29 185
1000 -553 77 117
1000 348 239 289
1000 -275 75 401
1000 -292 89 153
1000 981 24 97
1000 668 202 261
1000 380 323 335
1000 -868 266 271
1000 149 41 44
1000 -446 3 86
1000 -961 109 294
1000 644 4 171
1000 943 135 277
1000 381 77 192
1000 -846 168 275
1000 722 187 301
1000 92 313 374
1000 -61 1 811
1000 399 85 133
1000 790 213 266
1000 -726 91 318
1000 91 66 91
1000 -255 146 149
1000 489 11 106
1000 810 45 167
1000 969 117 167
1000 68 91 99
1000 460 121 259
1000 -396 125 168
1000 -561 373 381
1000 -265 67 333
1000 234 208 267
1000 -17 8 13
1000 -284 71 205
1000 909 116 219
1000 332 19 107
1000 -646 288 293
1000 263 74 289
1000 -613 166 197
1000 -447 62 161
1000 139 112 139
1000 313 15 277
1000 763 32 41
1000 -359 164 295
1000 719 93 109
1000 -32 183 194
1000 457 104 109
1000 -632 217 271
1000 63 34 369
1000 834 105 281
1000 -326 3 167
1000 -928 67 150
1000 -974 43 421
1000 226 179 293
1000 1 174 211
1000 838 273 278
1000 -182 5 162
1000 -462 69 335
1000 -681 61 399
1000 967 92 337
1000 -323 188 287
1000 -440 75 226
1000 -525 99 115
1000 651 107 236
1000 977 160 323
1000 957 83 247
1000 -623 221 254
1000 -232 63 229
1000 661 21 38
1000 -536 43 157
1000 -63 237 254
1000 538 58 85
1000 652 193 223
1000 -728 5 104
1000 135 275 294
1000 -703 10 1861
1000 -840 71 225
1000 -933 69 484
1000 571 12 607
1000 -958 84 257
1000 89 144 275
1000 -428 51 326
1000 -153 431 440
1000 -2 21 37
1000 568 7 157
1000 870 121 293
1000 256 133 274
1000 -633 133 290
1000 -294 26 179
1000 420 166 223
1000 -470 129 226
1000 -179 1 83
1000 40 83 113
1000 989 68 137
1000 -645 139 332
1000 255 52 505
1000 -366 51 397
1000 -660 343 379
1000 742 55 194
1000 85 51 133
1000 -280 17 130
1000 -953 91 192
1000 782 5 153
1000 102 43 189
1000 941 248 319
1000 -796 232 287
1000 -782 169 263
1000 300 274 335
1000 715 17 82
1000 33 7 2638
1000 -712 101 153
1000 703 108 217
1000 959 67 235
1000 -768 16 171
1000 637 31 363
1000 -713 166 217
1000 -860 50 539
1000 -888 177 247
1000 329 18 527
1000 -384 83 84
1000 495 29 588
1000 811 140 299
1000 -403 47 77
1000 82 157 227
1000 -785 110 149
1000 -355 281 322
1000 -601 7 19
1000 417 3 74
1000 -101 47 163
1000 373 336 359
1000 151 35 148
1000 -550 225 278
1000 147 26 285
1000 341 189 236
1000 -18 287 368
1000 -687 5 209
1000 183 65 129
1000 107 133 299
1000 -854 373 445
1000 -591 53 217
1000 662 85 339
1000 691 103 239
1000 204 85 211
1000 158 21 134
1000 -697 75 94
1000 22 99 221
1000 73 84 167
1000 877 238 251
1000 -413 183 265
1000 812 107 143
1000 887 53 246
1000 597 43 146
1000 -891 69 232
1000 -906 15 229
1000 -387 33 128
1000 -831 107 118
1000 626 280 299
1000 156 113 260
1000 -945 11 271
1000 -208 121 219
1000 471 109 184
1000 -586 65 304
1000 -766 29 201
1000 -741 179 182
1000 193 195 202
1000 -198 123 206
1000 -887 59 197
1000 200 327 377
1000 447 42 289
1000 -434 112 213
1000 -122 253 267
1000 -753 87 218
1000 359 242 281
1000 110 215 323
1000 378 177 230
1000 -621 349 370
1000 769 137 203
1000 679 140 289
1000 483 73 182
1000 -152 123 260
1000 124 316 399
1000 349 81 142
1000 240 227 256
1000 285 16 137
-1000 176 366 437
-1000 -149 71 121
-1000 -146 181 326
-1000 -224 19 743
-1000 -420 1 118
-1000 894 225 278
-1000 681 289 362
-1000 758 97 198
-1000 -537 1579 1588
-1000 -1 131 222
-1000 356 132 281
-1000 685 147 157
-1000 898 190 283
-1000 -889 59 415
-1000 -868 23 199
-1000 890 251 283
-1000 -699 120 281
-1000 -449 26 425
-1000 66 103 194
-1000 657 13 303
-1000 848 5 447
-1000 572 61 394
-1000 88 18 451
-1000 517 28 215
-1000 -375 108 119
-1000 645 88 211
-1000 -179 257 352
-1000 969 71 242
-1000 220 122 157
-1000 -523 35 823
-1000 -650 97 267
-1000 699 27 142
-1000 508 13 181
-1000 -857 24 131
-1000 -950 433 481
-1000 -573 64 259
-1000 823 206 213
-1000 -507 16 63
-1000 -470 95 164
-1000 -65 185 251
-1000 -694 79 396
-1000 976 151 215
-1000 -295 187 193
-1000 -706 181 281
-1000 -385 65 162
-1000 606 315 349
-1000 92 143 160
-1000 338 823 860
-1000 -402 25 257
-1000 -796 51 167
-1000 638 39 119
-1000 666 84 145
-1000 -756 112 355
-1000 373 46 99
-1000 -234 204 227
-1000 -250 63 172
-1000 -141 111 299
-1000 611 137 140
-1000 583 41 274
-1000 -160 196 213
-1000 -112 267 271
-1000 -585 76 293
-1000 625 188 255
-1000 -977 215 227
-1000 -284 278 301
-1000 -442 31 112
-1000 8 41 90
-1000 246 174 233
-1000 -246 116 209
-1000 755 147 157
-1000 -725 1 122
-1000 -363 29 216
-1000 -330 605 652
-1000 -34 22 439
-1000 821 96 167
-1000 -555 164 217
-1000 324 116 149
-1000 -750 31 344
-1000 42 131 181
-1000 -554 39 64
-1000 -281 80 119
-1000 280 101 158
-1000 198 347 379
-1000 -662 35 188
-1000 -223 45 64
-1000 331 26 61
-1000 -778 216 271
-1000 -669 129 259
-1000 -88 8 429
-1000 -171 35 173
-1000 897 37 277
-1000 988 251 286
-1000 -479 76 137
-1000 -206 181 328
-1000 -251 10 177
-1000 24 281 376
-1000 863 61 147
-1000 83 53 231
-1000 784 13 1669
-1000 143 45 148
-1000 -8 1 3951
-1000 -595 31 200
-1000 778 261 274
-1000 660 86 195
-1000 423 136 247
-1000 -628 215 239
-1000 -70 41 134
-1000 -399 17 182
-1000 -994 202 297
-1000 -989 122 275
-1000 -835 72 259
-1000 -484 155 159
-1000 152 59 247
-1000 527 227 342
-1000 -235 49 319
-1000 -991 83 169
-1000 -934 79 194
-1000 56 423 451
-1000 -949 1499 1507
-1000 862 269 301
-1000 874 278 359
-1000 80 23 978
-1000 187 138 229
-1000 -794 5 177
-1000 283 135 182
-1000 -467 73 220
-1000 911 67 171
-1000 -891 117 230
-1000 313 86 363
-1000 -874 85 247
-1000 113 40 221
-1000 444 67 146
-1000 -660 43 543
-1000 690 49 314
-1000 51 10 171
-1000 632 91 178
-1000 602 95 161
-1000 -727 730 761
-1000 -357 187 298
-1000 -880 23 195
-1000 -680 74 149
-1000 964 91 137
-1000 510 105 292
-1000 -682 74 179
-1000 100 171 182
-1000 378 160 277
-1000 702 49 228
-1000 605 42 157
-1000 824 157 236
-1000 968 269 379
-1000 -690 1 4
-1000 -482 117 226
-1000 652 218 233
-1000 114 233 244
-1000 -539 26 565
-1000 512 164 255
-1000 -291 1 230
-1000 563 486 509
-1000 -471 1 210
-1000 757 176 225
-1000 584 75 388
-1000 257 132 293
-1000 -707 41 199
-1000 426 157 163
-1000 -307 172 247
-1000 301 21 32
-1000 377 87 142
-1000 560 121 149
-1000 -275 32 875
-1000 -388 88 357
-1000 -613 89 107
-1000 142 349 415
-1000 285 124 129
-1000 354 146 235
-1000 865 26 73
-1000 286 108 163
-1000 0 34 193
-1000 -432 67 105
-1000 -252 69 277
-1000 -687 89 203
-1000 336 9 106
-1000 -736 189 220
-1000 349 53 127
-1000 206 341 375
-1000 329 43 241
-1000 -711 171 253
-1000 537 31 253
-1000 -695 166 233
-1000 887 61 180
-1000 709 25 89
-1000 693 711 728
-1000 59 285 368
-1000 454 103 178
-1000 318 94 111
-1000 650 65 106
-1000 -696 163 283
-1000 804 189 191
-1000 -728 172 317
-1000 -517 34 267
-1000 -872 219 352
-1000 -440 145 167
-1000 -667 13 300
-1000 -438 67 267
-1000 -672 18 1093
-1000 -300 658 659
-1000 488 77 136
-1000 881 28 39
-1000 994 29 33
-1000 -920 227 319
-1000 622 55 138
-1000 -21 85 212
-1000 566 25 87
-1000 -279 665 676
-1000 71 2 1021
-1000 -378 46 515
-1000 -145 175 257
-1000 -47 134 143
-1000 -293 280 311
-1000 156 7 153
-1000 16 13 220
-1000 -2 125 293
-1000 -249 59 400
-1000 282 73 215
-1000 -259 211 302
-1000 20 69 130
-1000 465 2 155
-1000 118 133 292
-1000 -302 340 369
-1000 787 77 246
-1000 -1000 66 383
-1000 -867 101 152
-1000 54 42 139
-1000 526 63 158
-1000 200 137 242
-1000 14 399 433
-1000 676 46 181
-1000 -261 185 342
-1000 907 161 232
-1000 776 71 186
-1000 141 131 141
-1000 -327 13 136
-1000 867 41 163
-1000 -980 28 155
-1000 -283 265 283
-1000 888 53 91
-1000 467 81 302
-1000 -331 104 217
-1000 -392 219 311
-1000 266 66 343
-1000 -820 273 278
-484 1000 31 407
531 1000 65 222
-408 1000 61 219
-629 1000 193 261
910 1000 7 1271
488 1000 52 107
-262 1000 41 601
527 1000 21 149
102 1000 562 565
916 1000 76 115
420 1000 23 206
289 1000 181 282
728 1000 169 237
755 1000 69 196
-50 1000 31 164
-80 1000 51 172
437 1000 70 379
658 1000 124 213
-568 1000 53 429
479 1000 39 44
123 1000 92 243
-146 1000 261 263
307 1000 7 99
-872 1000 133 321
100 1000 57 67
265 1000 1 32
748 1000 145 253
-585 1000 36 65
-966 1000 127 220
-496 1000 49 561
-430 1000 85 198
976 1000 383 450
747 1000 405 449
-325 1000 27 73
-184 1000 83 123
868 1000 55 381
738 1000 97 228
-648 1000 1 988
169 1000 32 397
10 1000 139 288
971 1000 61 341
-56 1000 175 229
-587 1000 112 131
-317 1000 83 217
654 1000 493 552
-607 1000 9 1588
-746 1000 62 91
-421 1000 156 203
-838 1000 85 94
-216 1000 16 101
-766 1000 3 1439
-894 1000 163 182
944 1000 90 251
663 1000 344 391
244 1000 103 107
373 1000 141 173
404 1000 150 241
-579 1000 33 251
872 1000 140 251
-225 1000 42 185
580 1000 7 209
-560 1000 20 191
-17 1000 776 797
516 1000 87 388
-817 1000 29 94
-511 1000 28 81
-593 1000 109 226
653 1000 27 710
955 1000 129 199
825 1000 51 196
-479 1000 159 190
-174 1000 19 168
455 1000 215 284
-53 1000 204 275
772 1000 271 294
380 1000 113 200
-748 1000 31 293
-929 1000 305 321
328 1000 34 317
262 1000 45 386
-517 1000 35 198
717 1000 75 79
355 1000 103 333
883 1000 455 488
522 1000 229 254
377 1000 34 249
817 1000 50 249
-70 1000 197 293
-845 1000 239 351
-411 1000 19 345
-15 1000 95 231
905 1000 58 63
611 1000 27 370
232 1000 37 175
-329 1000 86 91
-418 1000 103 154
627 1000 72 157
541 1000 87 158
-410 1000 47 162
369 1000 269 304
-656 1000 161 283
390 1000 9 173
609 1000 61 268
-378 1000 156 203
816 1000 85 321
-357 1000 159 254
-396 1000 138 179
-477 1000 148 277
-963 1000 214 327
-803 1000 78 181
424 1000 169 178
552 1000 73 217
95 1000 125 191
259 1000 3 647
-147 1000 28 235
-289 1000 103 143
-280 1000 14 155
903 1000 39 131
939 1000 155 226
-62 1000 83 105
-808 1000 21 409
-533 1000 23 236
-104 1000 403 454
258 1000 127 156
349 1000 16 355
-95 1000 389 453
-662 1000 235 238
-42 1000 137 250
-167 1000 37 181
-909 1000 119 184
428 1000 26 155
-61 1000 39 440
221 1000 423 475
-303 1000 3 194
337 1000 184 257
-398 1000 37 97
929 1000 197 220
892 1000 354 395
-267 1000 381 449
-444 1000 1 736
-38 1000 209 222
-955 1000 136 243
72 1000 102 127
608 1000 66 145
-91 1000 126 197
180 1000 39 551
-37 1000 167 174
241 1000 263 274
764 1000 121 124
-363 1000 26 151
-59 1000 128 201
-696 1000 52 365
324 1000 67 338
340 1000 237 265
36 1000 13 38
464 1000 4 1665
-734 1000 47 72
921 1000 21 136
439 1000 514 537
-66 1000 1 70
-122 1000 125 169
-782 1000 74 195
801 1000 33 272
-828 1000 15 259
-232 1000 31 140
-633 1000 22 157
-920 1000 5 158
-268 1000 28 125
-781 1000 10 133
-548 1000 17 135
-412 1000 141 277
308 1000 149 237
371 1000 112 117
664 1000 151 159
-497 1000 65 66
63 1000 52 75
-888 1000 1372 1389
-948 1000 497 558
809 1000 158 241
926 1000 71 205
796 1000 61 78
-528 1000 66 149
924 1000 11 427
826 1000 164 201
-129 1000 119 148
89 1000 152 269
791 1000 13 360
-994 1000 80 111
274 1000 37 129
-527 1000 99 277
703 1000 37 258
-701 1000 139 143
-559 1000 661 697
724 1000 88 259
920 1000 29 74
245 1000 490 509
-198 1000 52 197
775 1000 259 285
-240 1000 21 79
491 1000 306 373
64 1000 18 283
-197 1000 202 227
326 1000 143 350
-902 1000 70 417
-954 1000 95 123
-631 1000 50 331
-294 1000 107 160
623 1000 71 308
392 1000 307 369
-883 1000 99 197
645 1000 256 313
-171 1000 5 41
-309 1000 111 151
779 1000 51 373
275 1000 316 323
582 1000 73 311
130 1000 41 177
-461 1000 227 310
-733 1000 123 139
135 1000 121 155
-131 1000 37 137
-525 1000 121 164
729 1000 250 357
110 1000 305 399
-695 1000 268 295
-796 1000 222 329
725 1000 321 346
-992 1000 170 211
-913 1000 175 212
-32 1000 3 608
-502 1000 54 437
-145 1000 157 187
-319 1000 31 177
16 1000 36 79
-63 1000 57 107
138 1000 73 86
334 1000 89 191
65 1000 116 313
719 1000 131 237
-613 1000 11 321
513 1000 77 138
624 1000 122 261
649 1000 49 639
119 1000 217 251
927 1000 163 173
-960 1000 170 217
205 1000 4 673
-583 1000 119 178
246 1000 123 136
634 1000 419 432
-19 -1000 557 575
-370 -1000 41 107
855 -1000 35 332
994 -1000 111 202
-212 -1000 127 261
67 -1000 98 159
-87 -1000 5 98
939 -1000 12 91
-414 -1000 242 339
408 -1000 20 93
34 -1000 148 167
505 -1000 114 211
-989 -1000 243 272
9 -1000 125 323
131 -1000 137 157
877 -1000 138 223
-85 -1000 209 222
-994 -1000 26 321
762 -1000 91 145
-127 -1000 298 365
-583 -1000 31 634
-260 -1000 535 536
-319 -1000 25 104
-224 -1000 148 255
-760 -1000 103 158
-492 -1000 112 131
919 -1000 95 181
-596 -1000 14 685
144 -1000 390 431
-539 -1000 158 287
-63 -1000 111 137
-993 -1000 88 135
-259 -1000 163 233
-573 -1000 66 227
642 -1000 41 77
-237 -1000 67 336
-449 -1000 253 267
-685 -1000 32 121
-402 -1000 189 206
-173 -1000 91 239
934 -1000 3 89
909 -1000 9 1028
-625 -1000 208 263
-132 -1000 157 182
-479 -1000 27 68
-758 -1000 212 235
1 -1000 204 277
-929 -1000 21 221
974 -1000 80 243
225 -1000 97 126
425 -1000 62 63
-566 -1000 175 333
235 -1000 1 344
-151 -1000 359 393
-349 -1000 8 201
947 -1000 283 359
-307 -1000 89 256
722 -1000 709 737
968 -1000 55 156
-323 -1000 71 451
-634 -1000 29 163
-550 -1000 80 121
-844 -1000 181 272
838 -1000 158 165
-130 -1000 189 202
-251 -1000 5 1441
-210 -1000 83 230
140 -1000 7 267
-617 -1000 21 155
389 -1000 15 97
-692 -1000 19 193
750 -1000 124 275
89 -1000 419 452
-935 -1000 87 358
12 -1000 133 202
-407 -1000 100 139
55 -1000 219 274
202 -1000 225 308
-905 -1000 9 122
772 -1000 11 288
221 -1000 74 157
310 -1000 31 117
-822 -1000 11 25
-736 -1000 64 107
800 -1000 139 277
-155 -1000 233 265
896 -1000 9 161
-48 -1000 94 275
-133 -1000 144 251
884 -1000 85 186
-579 -1000 69 280
778 -1000 13 80
959 -1000 496 511
-301 -1000 76 205
398 -1000 27 56
401 -1000 185 193
-730 -1000 39 139
-664 -1000 401 448
625 -1000 7 71
-669 -1000 23 438
-800 -1000 96 173
178 -1000 289 307
-122 -1000 47 62
865 -1000 106 267
419 -1000 169 197
-339 -1000 136 213
594 -1000 159 343
-270 -1000 60 323
651 -1000 163 176
-878 -1000 177 184
-317 -1000 161 232
589 -1000 29 35
-561 -1000 89 99
-485 -1000 83 116
-473 -1000 24 169
-874 -1000 169 301
619 -1000 758 791
-759 -1000 161 177
631 -1000 123 229
681 -1000 129 142
208 -1000 43 82
-535 -1000 97 233
-559 -1000 242 265
757 -1000 230 329
686 -1000 17 141
-484 -1000 25 319
656 -1000 80 223
-292 -1000 179 292
-551 -1000 167 169
-341 -1000 19 42
-83 -1000 1571 1588
-10 -1000 45 169
-429 -1000 99 175
496 -1000 128 231
177 -1000 122 319
-97 -1000 38 45
824 -1000 80 121
549 -1000 31 309
-458 -1000 145 192
21 -1000 31 732
328 -1000 437 447
-932 -1000 151 186
124 -1000 29 172
52 -1000 67 106
825 -1000 81 214
978 -1000 31 128
-740 -1000 29 59
-148 -1000 259 319
210 -1000 4 291
-903 -1000 123 188
-364 -1000 91 185
138 -1000 89 146
75 -1000 193 273
-84 -1000 2 333
432 -1000 154 241
769 -1000 41 486
906 -1000 111 365
-408 -1000 113 167
588 -1000 257 263
-437 -1000 127 210
174 -1000 146 271
261 -1000 35 242
-510 -1000 403 438
963 -1000 94 229
-497 -1000 76 207
227 -1000 217 230
622 -1000 66 305
557 -1000 64 267
-795 -1000 183 317
320 -1000 129 193
-146 -1000 190 251
-784 -1000 27 59
644 -1000 134 223
861 -1000 187 276
36 -1000 68 305
731 -1000 65 216
-870 -1000 102 245
985 -1000 126 241
106 -1000 124 207
-941 -1000 231 250
668 -1000 69 191
418 -1000 53 353
-398 -1000 712 743
430 -1000 35 44
876 -1000 47 91
27 -1000 222 289
-463 -1000 10 103
-919 -1000 178 289
-178 -1000 102 155
-674 -1000 110 141
-698 -1000 13 209
602 -1000 554 607
971 -1000 248 359
308 -1000 1369 1384
-630 -1000 1263 1267
903 -1000 59 130
512 -1000 29 129
-487 -1000 28 47
427 -1000 65 537
-438 -1000 37 137
262 -1000 98 159
-650 -1000 159 197
-813 -1000 98 307
-141 -1000 161 206
-95 -1000 23 43
733 -1000 82 335
789 -1000 95 297
474 -1000 114 269
-862 -1000 72 95
369 -1000 127 211
964 -1000 87 358
-925 -1000 442 487
796 -1000 8 313
-753 -1000 7 2874
728 -1000 47 81
-641 -1000 140 223
583 -1000 86 295
-452 -1000 259 290
649 -1000 21 143
-226 -1000 43 112
-223 -1000 126 313
-172 -1000 112 233
-717 -1000 439 503
5 -1000 149 220
-228 -1000 127 139
47 -1000 190 241
-225 -1000 160 349
837 -1000 63 274
293 -1000 23 116
88 -1000 7 151
809 -1000 13 202
846 -1000 75 139
415 -1000 145 227
-496 -1000 67 217
658 -1000 166 257
-279 -1000 138 139
122 -1000 119 186
-74 -1000 250 251
329 -1000 37 447
481 -1000 114 199
-450 -1000 99 146
351 -1000 125 192
-990 -1000 137 289
-585 -1000 27 220
-547 -1000 167 173
507 -1000 37 62
-858 -1000 81 109
-631 -1000 36 229
324 -1000 25 101
-388 -1000 86 169
1000
0 682 86 101
0 -888 38 155
0 -249 101 204
0 179 88 417
0 336 20 209
0 556 91 144
0 -893 137 162
0 128 212 219
0 -212 777 808
0 931 71 107
0 236 75 128
0 -679 85 107
0 -23 53 75
0 831 12 143
0 -434 661 697
0 -421 45 626
0 -82 37 244
0 -931 113 138
0 -179 155 319
0 429 90 197
0 572 13 57
0 -794 22 81
0 789 112 275
0 -499 483 521
0 830 179 240
0 306 17 252
0 -935 64 99
0 -907 38 129
0 549 345 374
0 114 98 409
0 192 11 477
0 245 168 221
0 -145 144 265
0 476 103 363
0 -666 110 171
0 957 71 106
0 10 9 380
0 -550 45 208
0 -545 1078 1093
0 840 23 49
0 -827 33 163
0 810 120 229
0 709 7 131
0 -774 81 244
0 697 18 389
0 933 215 283
0 388 18 547
0 949 99 215
0 -185 94 283
0 -172 278 355
0 -448 7 96
0 -428 3 203
0 218 73 371
0 287 141 149
0 625 87 173
0 532 29 471
0 -401 63 85
0 5 133 334
0 -262 197 303
0 -74 146 231
0 370 68 361
0 379 79 195
0 257 80 93
0 496 23 210
0 -197 16 239
0 162 103 286
0 343 239 281
0 -595 151 255
0 -696 31 393
0 712 159 175
0 -810 172 217
0 832 50 89
0 -441 148 227
0 803 163 181
0 726 35 142
0 -887 38 107
0 -617 34 81
0 -963 86 107
0 63 221 231
0 876 57 358
0 -404 31 569
0 -553 312 365
0 694 145 187
0 212 9 575
0 -271 89 184
0 -350 213 268
0 -645 39 88
0 214 41 108
0 963 223 311
0 -242 72 229
0 -980 71 125
0 86 89 225
0 -258 335 369
0 -841 13 97
0 -735 82 217
0 259 79 153
0 906 298 309
0 -601 274 361
0 629 67 447
0 623 69 205
0 785 91 152
0 -912 24 749
0 658 321 404
0 -804 8 287
0 -461 214 247
0 -114 150 253
0 935 215 239
0 241 132 241
0 944 89 109
0 -293 6 73
0 993 9 173
0 -208 475 522
0 118 69 86
0 877 103 180
0 198 131 236
0 386 107 296
0 -894 113 145
0 -753 80 119
0 586 156 211
0 117 227 315
0 475 95 249
0 372 271 329
0 153 47 607
0 -162 161 220
0 -728 71 128
0 862 43 111
0 231 129 307
0 425 11 107
0 205 68 179
0 508 71 95
0 -786 153 215
0 -141 71 319
0 -343 1207 1222
0 624 33 59
0 111 141 209
0 745 278 357
0 706 27 170
0 46 157 158
0 -737 72 275
0 -670 158 163
0 -695 159 271
0 889 55 261
0 852 67 136
0 -798 139 234
0 -780 257 267
0 970 4 225
0 -875 335 363
0 -517 5 364
0 872 7 41
0 -759 107 173
0 905 174 251
0 -671 99 160
0 811 18 151
0 -36 43 52
0 644 44 53
0 -38 47 227
0 316 61 255
0 249 11 168
0 779 3 146
0 732 58 195
0 -282 31 429
0 197 1 162
0 -152 117 266
0 637 156 317
0 -97 1 15804
0 960 23 70
0 -867 151 202
0 -915 10 247
0 911 256 335
0 -951 173 263
0 75 3160 3167
0 -704 91 114
0 361 41 180
0 -9 221 256
0 57 43 192
0 881 76 261
0 -765 51 256
0 -697 56 361
0 968 7 86
0 322 105 242
0 -880 3 5
0 79 37 135
0 14 55 92
0 600 59 126
0 252 73 161
0 -808 118 271
0 -636 104 277
0 -472 115 204
0 602 97 240
0 863 129 182
0 -957 223 296
0 261 4 349
0 -312 279 308
0 848 35 44
0 538 45 233
0 -358 194 271
0 -32 57 154
0 -641 92 329
0 -705 133 162
0 -83 118 179
0 -257 87 317
0 -792 117 268
0 -292 67 186
0 758 89 187
0 -121 83 201
0 -563 412 417
0 -758 111 229
0 570 205 323
0 39 130 257
0 465 149 232
0 138 157 258
0 -340 138 155
0 64 50 59
0 544 69 205
0 -43 31 157
0 383 5 189
0 -736 283 308
0 974 73 82
0 -694 191 299
0 -191 85 139
0 -273 254 263
0 -955 115 176
0 -176 27 584
0 643 31 67
0 756 106 395
0 879 143 147
0 656 174 185
0 -355 383 401
0 -825 382 435
0 203 341 398
0 690 303 338
0 675 151 233
0 -345 76 291
0 -866 152 239
0 -783 810 827
0 283 60 239
0 -248 56 181
0 892 332 361
0 -501 129 131
0 955 13 38
0 -771 17 134
0 724 1 61
0 -267 29 173
0 -733 79 356
0 -95 119 268
0 323 134 241
0 166 365 408
0 -31 139 148
0 -199 12 367
0 -344 53 363
0 122 49 214
0 941 22 145
0 -22 76 319
0 -380 17 160
0 482 131 151
0 721 63 110
0 -799 101 251
0 767 311 341
0 -709 41 49
0 -855 142 203
0 368 411 469
0 559 490 509
0 208 160 269
0 13 45 374
0 578 77 254
0 -731 113 250
0 458 235 307
0 271 22 47
0 -906 13 121
0 495 15 74
0 -556 184 195
0 132 149 204
0 -276 6 143
0 394 1 45
0 -215 19 386
0 627 143 166
0 -51 73 247
0 616 84 323
0 -744 85 297
0 -323 388 415
0 -379 64 405
0 301 26 127
0 473 6 187
0 371 182 235
0 -354 11 676
0 -836 423 451
0 109 62 231
0 304 164 255
0 -3 129 284
0 -477 31 65
0 -194 813 844
0 -304 22 195
0 -287 23 363
0 4 89 141
0 601 85 276
0 263 195 209
0 378 41 302
0 914 405 449
0 -143 493 498
0 -302 212 263
0 430 220 327
0 -585 48 113
0 -161 53 140
0 116 235 236
0 -816 74 225
0 -206 82 195
0 333 153 250
0 -280 94 209
0 313 169 278
0 416 101 143
0 -89 89 162
0 40 134 271
0 -513 243 260
0 673 109 314
0 648 21 29
0 -460 81 88
0 110 43 408
0 747 15 469
0 873 14 351
0 -518 124 227
0 -920 13 34
0 928 13 683
0 -263 405 449
0 -120 153 181
0 918 70 223
0 861 463 499
0 419 64 349
0 -651 98 239
0 112 43 160
0 420 19 100
0 -42 47 562
0 -896 11 141
0 92 87 167
0 -961 232 271
0 -426 73 93
0 -960 335 344
0 -577 9 68
0 -251 261 262
0 900 13 244
0 977 302 313
0 -785 207 220
0 669 47 88
0 483 29 229
0 45 33 47
0 -592 20 101
0 -726 71 215
0 -384 19 188
0 552 106 251
0 -830 58 439
0 -803 12 169
0 665 145 227
0 -399 29 41
0 577 296 325
0 167 184 293
0 597 1505 1507
0 -614 67 180
0 440 683 704
0 -538 15 188
0 -506 4 3515
0 -911 194 299
0 -18 35 219
0 55 19 48
0 -637 101 103
0 896 109 152
0 -53 108 199
0 -459 113 157
0 248 2 373
0 70 23 166
0 822 13 200
0 -353 34 463
0 66 371 373
0 612 33 454
0 818 181 276
0 -631 191 203
0 -864 250 283
0 -584 48 127
0 512 347 362
0 -932 69 464
0 -621 47 562
0 -509 15 59
0 -722 28 51
0 -386 83 220
0 -277 374 427
0 576 15 22
0 958 128 231
0 -79 10 959
0 -465 40 179
0 734 18 89
0 -424 35 554
0 -711 38 161
0 -207 45 214
0 -502 25 32
0 664 65 82
0 -512 202 213
0 195 133 295
0 358 16 741
0 -661 10 43
0 -180 46 339
0 754 48 257
0 -940 23 274
0 997 11 409
0 929 25 419
0 942 279 332
0 224 71 413
0 959 143 295
0 355 61 161
0 -254 373 378
0 -760 223 252
0 -26 74 107
0 -415 56 95
0 982 81 211
0 580 43 732
0 -873 41 504
0 35 111 250
0 -417 247 280
0 216 93 191
0 844 169 189
0 289 4 905
0 -885 4 119
0 618 45 73
0 -714 143 222
0 -149 155 172
0 540 163 288
0 61 75 293
0 504 187 240
0 392 37 91
0 -627 12 277
0 -642 69 151
0 -138 54 611
0 -490 317 386
0 599 1366 1387
0 -90 93 188
0 -977 97 152
0 -204 13 333
0 802 38 187
0 -374 62 163
0 804 1 129
0 380 279 287
0 -562 31 743
0 -823 92 171
0 165 94 259
0 78 853 855
0 15 275 294
0 461 171 286
0 -427 50 137
0 -173 59 207
0 646 29 548
0 487 55 268
0 -37 120 227
0 903 52 87
0 729 458 463
0 -811 83 204
0 172 17 378
0 -131 158 265
0 396 81 220
0 -580 144 359
0 -710 51 127
0 33 64 73
0 -791 71 323
0 -559 87 170
0 -411 13 146
0 -505 100 173
0 -390 249 275
0 -628 16 163
0 154 328 335
0 -454 11 230
0 -480 276 289
0 -115 95 197
0 787 253 313
0 -471 1089 1102
0 875 61 458
0 -724 185 254
0 -147 25 223
0 174 5 83
0 494 683 690
0 -953 22 211
0 -863 2 189
0 752 23 234
0 -269 216 281
0 481 474 515
0 -449 120 229
0 -66 23 205
0 535 69 263
0 -884 149 248
0 170 7 327
0 628 125 213
0 -941 421 454
0 -870 171 302
0 -986 129 179
0 -447 76 351
0 611 60 161
0 141 143 278
0 -999 71 195
0 34 185 244
0 -203 55 314
0 30 199 268
0 -158 75 299
0 -788 7 115
0 401 164 323
0 819 71 216
-773 0 17 74
-279 0 79 248
-271 0 169 219
342 0 87 224
328 0 49 124
447 0 85 168
517 0 125 176
298 0 37 97
529 0 47 260
128 0 100 283
-399 0 88 153
958 0 53 73
-676 0 155 198
-61 0 174 287
-532 0 23 371
-341 0 128 263
-436 0 63 340
-323 0 17 178
-240 0 192 223
-143 0 22 125
-862 0 27 355
308 0 245 286
-472 0 81 277
-253 0 16 191
746 0 192 311
840 0 359 398
-113 0 2 703
-953 0 62 383
-759 0 288 379
-965 0 485 548
-840 0 491 494
-990 0 140 221
181 0 88 97
368 0 179 189
676 0 52 127
636 0 55 159
516 0 41 253
-949 0 172 239
-837 0 98 167
39 0 43 579
-898 0 47 127
-954 0 217 326
-307 0 233 323
218 0 1 167
149 0 61 72
-531 0 50 81
944 0 103 122
-98 0 45 203
-340 0 31 309
-361 0 17 92
210 0 135 298
531 0 16 103
559 0 45 104
-589 0 208 281
269 0 56 213
933 0 108 113
-882 0 81 178
428 0 41 100
366 0 17 87
-103 0 336 359
-235 0 119 214
-897 0 153 299
-290 0 75 103
-247 0 87 334
302 0 151 207
-288 0 114 143
54 0 146 165
-904 0 63 74
-183 0 262 331
871 0 105 269
217 0 253 334
480 0 43 51
-701 0 386 439
-624 0 171 311
-836 0 109 246
236 0 43 80
-499 0 4 203
276 0 383 433
309 0 103 189
-934 0 105 152
304 0 11 1099
-806 0 631 634
72 0 33 367
969 0 9 244
728 0 214 331
449 0 29 62
-447 0 8 197
-425 0 47 84
-452 0 153 190
-130 0 24 293
136 0 23 309
705 0 144 233
-294 0 78 233
-330 0 7 54
584 0 205 237
-218 0 1207 1232
567 0 39 290
-696 0 129 277
861 0 281 289
-4 0 215 323
-273 0 123 127
219 0 435 442
-151 0 20 193
768 0 486 539
400 0 98 141
291 0 615 626
-530 0 125 288
159 0 97 110
-386 0 94 251
-392 0 245 331
642 0 89 100
-47 0 463 521
974 0 210 293
-970 0 120 181
-572 0 103 201
-132 0 10 213
-471 0 28 327
-165 0 187 266
-988 0 29 31
998 0 97 157
698 0 25 416
881 0 179 183
-6 0 274 361
-252 0 7 324
-287 0 157 327
-718 0 2 135
-83 0 187 207
869 0 17 252
825 0 192 269
-969 0 173 215
-757 0 161 248
605 0 65 367
-385 0 11 695
138 0 292 313
-359 0 19 335
866 0 43 55
154 0 279 359
-109 0 151 226
967 0 66 79
278 0 83 98
551 0 1 22
270 0 113 165
-908 0 85 312
95 0 33 62
771 0 161 183
811 0 39 292
433 0 10 147
-70 0 87 166
734 0 51 205
350 0 18 47
-163 0 79 368
41 0 157 178
-320 0 93 251
-366 0 169 254
-754 0 21 86
-50 0 119 183
-925 0 266 335
-355 0 68 75
192 0 8 177
498 0 107 241
365 0 431 496
675 0 29 484
-887 0 35 332
848 0 221 224
610 0 34 163
721 0 194 203
-169 0 51 127
-336 0 110 273
-194 0 128 187
457 0 32 179
244 0 31 326
158 0 40 637
578 0 290 353
767 0 212 327
-565 0 106 305
62 0 54 385
-457 0 128 179
-36 0 278 291
949 0 377 440
211 0 238 293
-629 0 230 317
780 0 78 409
-972 0 66 521
476 0 296 299
-853 0 242 291
872 0 93 160
-141 0 216 323
-475 0 14 67
102 0 227 301
-342 0 49 513
680 0 14 143
-574 0 101 254
-179 0 195 239
-419 0 144 155
-712 0 79 155
-456 0 65 88
229 0 51 308
-518 0 229 232
775 0 19 515
777 0 20 93
-380 0 101 126
207 0 19 178
254 0 227 255
553 0 103 243
889 0 149 210
-486 0 1 246
899 0 124 151
-378 0 122 125
-417 0 269 277
928 0 85 294
-454 0 396 445
525 0 42 311
361 0 41 198
758 0 25 44
-571 0 107 239
-941 0 47 366
-266 0 9 115
-582 0 107 212
395 0 41 166
-834 0 15 82
448 0 12 73
252 0 117 190
695 0 95 166
295 0 92 137
-973 0 79 252
-388 0 188 263
-608 0 22 381
7 0 5 151
-913 0 41 80
-683 0 21 241
-609 0 127 207
908 0 117 341
-485 0 147 227
-223 0 59 171
980 0 73 195
830 0 83 114
-156 0 36 347
-583 0 74 295
-741 0 50 129
604 0 18 239
918 0 145 157
215 0 81 235
902 0 55 171
-985 0 256 273
238 0 124 219
-146 0 409 428
243 0 113 174
-121 0 342 413
-115 0 177 178
188 0 1 4516
-734 0 104 219
-776 0 56 111
382 0 21 73
-890 0 103 248
-232 0 29 131
-792 0 172 205
-212 0 127 260
-229 0 165 193
788 0 79 428
-81 0 57 67
-714 0 395 437
337 0 177 310
926 0 23 565
294 0 159 220
168 0 477 482
391 0 17 218
760 0 23 193
-133 0 1 406
-849 0 38 743
-379 0 53 130
875 0 129 289
-658 0 92 349
422 0 235 252
555 0 230 261
-67 0 115 236
-446 0 53 72
-966 0 670 683
784 0 62 149
-860 0 102 121
107 0 4 31
415 0 199 254
-730 0 155 202
781 0 785 794
-198 0 81 289
666 0 32 183
816 0 64 139
-640 0 107 197
-62 0 101 138
-723 0 97 104
779 0 163 255
815 0 23 190
976 0 14 685
-562 0 193 282
-250 0 181 234
-268 0 97 103
-963 0 11 1222
-171 0 442 457
502 0 201 334
991 0 5 261
-886 0 203 299
483 0 197 300
-927 0 65 198
646 0 1007 1037
-522 0 67 368
-542 0 445 446
98 0 156 241
778 0 63 130
-440 0 71 175
-310 0 265 328
92 0 232 325
-804 0 61 159
320 0 124 159
-157 0 123 143
-705 0 175 248
986 0 46 171
723 0 322 373
-678 0 28 37
-501 0 150 311
-244 0 94 217
22 0 34 145
765 0 151 326
925 0 388 415
268 0 73 437
520 0 198 323
-187 0 127 292
707 0 109 121
740 0 428 489
-372 0 8 91
766 0 25 76
336 0 148 203
684 0 21 475
761 0 114 371
-544 0 106 259
387 0 140 263
261 0 4 771
-703 0 86 157
-979 0 79 153
951 0 209 245
-687 0 109 313
622 0 176 281
799 0 77 106
810 0 66 367
-122 0 41 122
232 0 151 293
864 0 46 53
533 0 191 230
892 0 227 248
14 0 196 249
-512 0 126 241
323 0 15 236
321 0 139 279
24 0 16 419
614 0 682 723
660 0 105 218
-68 0 15 158
479 0 56 169
-76 0 151 153
2 0 124 275
-811 0 97 151
-563 0 110 123
-479 0 120 151
206 0 148 217
512 0 81 95
979 0 23 587
-477 0 31 147
369 0 163 275
113 0 184 203
753 0 286 383
426 0 139 257
606 0 8 449
141 0 67 178
364 0 14 193
471 0 59 232
-510 0 66 257
468 0 73 423
120 0 152 163
988 0 104 205
-826 0 5 207
-488 0 94 287
275 0 59 538
81 0 2429 2434
167 0 69 310
-134 0 96 401
-828 0 109 311
315 0 62 545
-790 0 116 153
941 0 43 733
-820 0 89 211
-433 0 163 298
15 0 287 296
21 0 197 200
885 0 332 375
526 0 161 274
-20 0 143 238
823 0 26 519
-888 0 160 267
580 0 29 98
-581 0 386 397
672 0 49 101
370 0 421 454
490 0 412 417
789 0 114 337
-657 0 143 259
-543 0 228 281
-51 0 373 381
-238 0 61 85
-959 0 107 353
737 0 113 200
286 0 264 311
-738 0 2 1375
-772 0 50 267
595 0 62 117
-692 0 2 23
-787 0 1 536
-203 0 141 149
436 0 148 247
-851 0 219 239
770 0 151 161
134 0 60 457
-748 0 7 234
488 0 87 178
-99 0 73 117
-237 0 4 1507
733 0 15 167
-406 0 123 197
-760 0 221 268
-564 0 101 199
187 0 95 144
-653 0 47 191
-797 0 278 355
347 0 128 143
-481 0 71 307
851 0 57 538
359 0 65 112
661 0 19 803
-257 0 253 324
756 0 115 237
-468 0 61 135
635 0 32 277
-514 0 198 205
702 0 592 599
226 0 247 249
375 0 69 304
692 0 901 904
-344 0 53 175
-967 0 151 244
-838 0 196 205
847 0 2 285
489 0 634 681
992 0 125 239
265 0 81 185
-302 0 44 217
-230 0 211 221
-29 0 363 389
575 0 53 419
446 0 41 119
110 0 99 217
-5 0 160 219
-418 0 696 703
-950 0 29 93
341 0 1663 1673
641 0 103 299
-524 0 199 276
961 0 11 53
349 0 155 158
343 0 91 118
911 0 193 258
287 0 34 139
-261 0 46 181
32 0 2429 2439
-328 0 112 127
-677 0 109 201
-119 0 109 238
879 0 64 397
-411 0 22 149
-73 0 19 185
-222 0 68 319
-623 0 4 297
-57 0 845 864
-818 0 65 176
946 0 73 164
305 0 303 394
-881 0 180 197
77 0 101 166
900 0 183 190
893 0 137 175
-105 0 1 90
-808 0 104 161
-494 0 101 193
-872 0 80 189
-293 0 374 427
821 0 83 226
-138 0 47 338
786 0 419 433
735 0 53 62
282 0 191 310
-697 0 117 253
-905 0 9 62
467 0 197 214
-352 0 43 217
